1.1309526912738E+05 -8.3075271686539E-04
1.1309546447077E+05 1.0886748787016E-03
1.1309565981416E+05 -1.9814530387521E-03
1.1309585515755E+05 4.04749577865E-03
1.1309605050094E+05 8.9572538854554E-04
1.1309624584433E+05 -4.6529774554074E-03
1.1309644118772E+05 -6.8146004341543E-03
1.1309663653111E+05 -5.5385725572705E-03
1.130968318745E+05 -2.7173012495041E-04
1.1309702721789E+05 -2.2428592201322E-03
1.1309722256128E+05 -3.8928480353206E-04
1.1309741790467E+05 5.7446741266176E-05
1.1309761324806E+05 -2.1529027726501E-03
1.1309780859145E+05 1.8005258170888E-03
1.1309800393484E+05 3.8449745625257E-03
1.1309819927823E+05 -9.4038370298222E-04
1.1309839462162E+05 -3.6935810931027E-03
1.1309858996501E+05 7.1926009841263E-03
1.130987853084E+05 3.9000851102173E-03
1.1309898065179E+05 -6.6107674501836E-03
1.1309917599518E+05 -5.1632896065712E-03
1.1309937133857E+05 -3.6039587575942E-03
1.1309956668196E+05 -1.7781901988201E-05
1.1309976202535E+05 4.3204668909311E-03
1.1309995736874E+05 6.493866443634E-03
1.1310015271213E+05 7.375564891845E-03
1.1310034805552E+05 5.5607040412724E-03
1.1310054339891E+05 9.2368165496737E-04
1.131007387423E+05 1.0427921079099E-03
1.1310093408569E+05 -5.3233816288412E-03
1.1310112942908E+05 -5.387737415731E-03
1.1310132477247E+05 1.4787816908211E-03
1.1310152011586E+05 1.7445377307013E-03
1.1310171545925E+05 -8.8669208344072E-04
1.1310191080264E+05 -5.4724205983803E-04
1.1310210614603E+05 1.2019149726257E-03
1.1310230148942E+05 7.1648682933301E-04
1.1310249683281E+05 -2.8895859140903E-03
1.131026921762E+05 -4.9485540948808E-03
1.1310288751959E+05 -1.7691176617518E-03
1.1310308286298E+05 1.7988752806559E-03
1.1310327820637E+05 3.8295958656818E-03
1.1310347354976E+05 -1.4408930437639E-03
1.1310366889315E+05 -7.5471075251698E-04
1.1310386423654E+05 -8.2906059105881E-05
1.1310405957993E+05 -2.8176386840641E-03
1.1310425492332E+05 -5.7476852089167E-03
1.1310445026671E+05 -4.5652673579752E-03
1.131046456101E+05 1.5869821654633E-03
1.1310484095349E+05 4.7520422376692E-03
1.1310503629688E+05 1.5908221248537E-03
1.1310523164027E+05 -2.031035721302E-03
1.1310542698366E+05 -5.481839645654E-03
1.1310562232705E+05 -1.8963636830449E-03
1.1310581767044E+05 1.0847367811948E-03
1.1310601301383E+05 1.9041256746277E-03
1.1310620835722E+05 -1.2648787815124E-03
1.1310640370061E+05 -4.9656848423183E-03
1.13106599044E+05 -6.2337308190763E-03
1.1310679438739E+05 -5.7389233261347E-03
1.1310698973078E+05 -5.6674643419683E-03
1.1310718507417E+05 1.1357042239979E-04
1.1310738041756E+05 8.657599799335E-03
1.1310757576095E+05 9.917700663209E-03
1.1310777110434E+05 2.9750403482467E-03
1.1310796644773E+05 1.1645342456177E-03
1.1310816179112E+05 -1.7463254043832E-03
1.1310835713451E+05 -3.9116577245295E-03
1.131085524779E+05 -4.7906711697578E-03
1.1310874782129E+05 -1.7715115100145E-03
1.1310894316468E+05 -2.9715860728174E-04
1.1310913850807E+05 -2.1532627288252E-03
1.1310933385146E+05 -7.9425153671764E-05
1.1310952919485E+05 3.016080299858E-04
1.1310972453824E+05 3.0719005735591E-05
1.1310991988163E+05 -1.7687896033749E-03
1.1311011522502E+05 -8.587384596467E-03
1.1311031056841E+05 -6.8239849060774E-03
1.131105059118E+05 -3.8210730999708E-03
1.1311070125519E+05 -4.7382066259161E-04
1.1311089659858E+05 -2.2368979989551E-04
1.1311109194197E+05 -1.0299322893843E-03
1.1311128728536E+05 2.3890607990324E-03
1.1311148262875E+05 -2.2216918878257E-03
1.1311167797214E+05 -8.1990463659167E-03
1.1311187331553E+05 -7.4521321803331E-03
1.1311206865892E+05 -3.0301637016237E-03
1.1311226400231E+05 -1.8065937329084E-03
1.131124593457E+05 -8.670684765093E-04
1.131126546891E+05 6.704003084451E-03
1.1311285003249E+05 3.4818584099412E-03
1.1311304537588E+05 4.8458389937878E-04
1.1311324071927E+05 6.3626659102738E-03
1.1311343606266E+05 9.6351392567158E-03
1.1311363140605E+05 2.9581454582512E-03
1.1311382674944E+05 5.8990358375013E-03
1.1311402209283E+05 8.0670611932874E-03
1.1311421743622E+05 5.0863814540207E-03
1.1311441277961E+05 9.6830809488893E-03
1.13114608123E+05 6.2182988040149E-03
1.1311480346639E+05 -8.4061117377132E-04
1.1311499880978E+05 -1.0085080284625E-03
1.1311519415317E+05 3.641959046945E-04
1.1311538949656E+05 8.7510689627379E-04
1.1311558483995E+05 4.3405313044786E-03
1.1311578018334E+05 1.1321502970532E-03
1.1311597552673E+05 -6.1915628612041E-04
1.1311617087012E+05 7.280491408892E-04
1.1311636621351E+05 -1.0182856349275E-03
1.131165615569E+05 2.1911498624831E-03
1.1311675690029E+05 5.8704856783152E-03
1.1311695224368E+05 3.3887671306729E-03
1.1311714758707E+05 -1.3938025804237E-03
1.1311734293046E+05 -4.3351948261261E-03
1.1311753827385E+05 2.2303578443825E-03
1.1311773361724E+05 7.1611786261201E-03
1.1311792896063E+05 7.4554164893925E-03
1.1311812430402E+05 2.408348955214E-03
1.1311831964741E+05 6.4735271735117E-05
1.131185149908E+05 1.4945477014408E-03
1.1311871033419E+05 1.3646838488057E-04
1.1311890567758E+05 -2.9129581525922E-03
1.1311910102097E+05 -3.2404116354883E-03
1.1311929636436E+05 -6.1377242673188E-04
1.1311949170775E+05 2.316017402336E-03
1.1311968705114E+05 4.560150206089E-03
1.1311988239453E+05 -1.2794467620552E-03
1.1312007773792E+05 -6.2321019358933E-03
1.1312027308131E+05 -2.16553080827E-03
1.131204684247E+05 -9.7084627486765E-04
1.1312066376809E+05 -1.6433950513601E-03
1.1312085911148E+05 8.0630425363779E-03
1.1312105445487E+05 5.4397070780396E-03
1.1312124979826E+05 -1.5045623295009E-03
1.1312144514165E+05 -2.22574439249E-04
1.1312164048504E+05 2.803975250572E-03
1.1312183582843E+05 3.9964630268514E-03
1.1312203117182E+05 3.5247548948973E-03
1.1312222651521E+05 8.4425853565335E-03
1.131224218586E+05 0.020830286666751
1.1312261720199E+05 0.049132902175188
1.1312281254538E+05 0.074583068490028
1.1312300788877E+05 0.086288116872311
1.1312320323216E+05 0.068839959800243
1.1312339857555E+05 0.051686558872461
1.1312359391894E+05 0.046984799206257
1.1312378926233E+05 0.03603944927454
1.1312398460572E+05 0.022980915382504
1.1312417994911E+05 0.011847861111164
1.131243752925E+05 2.2803118918091E-03
1.1312457063589E+05 1.5007986221462E-03
1.1312476597928E+05 2.0940331742167E-03
1.1312496132267E+05 2.5923363864422E-03
1.1312515666606E+05 4.8527074977756E-03
1.1312535200945E+05 3.5448931157589E-03
1.1312554735284E+05 -5.8334656059742E-03
1.1312574269623E+05 -7.0319077931345E-03
1.1312593803962E+05 -2.1013704827055E-04
1.1312613338301E+05 -9.4079319387674E-04
1.131263287264E+05 -2.877060091123E-03
1.1312652406979E+05 -9.9970330484211E-04
1.1312671941318E+05 1.3904981315136E-03
1.1312691475657E+05 2.7801983524114E-03
1.1312711009996E+05 3.1778935808688E-03
1.1312730544335E+05 5.0537684001029E-04
1.1312750078674E+05 -2.2194304619916E-04
1.1312769613013E+05 5.9771058149636E-03
1.1312789147352E+05 0.011892855167389
1.1312808681691E+05 4.8818574286997E-03
1.131282821603E+05 -1.0098267812282E-03
1.1312847750369E+05 2.6231734082103E-03
1.1312867284708E+05 3.0625418294221E-03
1.1312886819047E+05 8.7481050286442E-04
1.1312906353386E+05 -8.3323020953685E-04
1.1312925887725E+05 -2.8913095593452E-03
1.1312945422064E+05 -1.2500650482252E-03
1.1312964956403E+05 -3.065227996558E-03
1.1312984490742E+05 -1.1330698616803E-03
1.1313004025081E+05 -2.9732033726759E-04
1.131302355942E+05 -1.2800027616322E-03
1.1313043093759E+05 -1.2769582681358E-03
1.1313062628098E+05 -2.8119164053351E-03
1.1313082162437E+05 3.4207713324577E-03
1.1313101696777E+05 6.1335959471762E-03
1.1313121231116E+05 -2.0207657944411E-03
1.1313140765455E+05 -3.8524563424289E-03
1.1313160299794E+05 -1.7856173217297E-03
1.1313179834133E+05 -9.9661818239838E-04
1.1313199368472E+05 -1.1163359740749E-03
1.1313218902811E+05 2.4064755998552E-03
1.131323843715E+05 5.6252088397741E-03
1.1313257971489E+05 1.0100561194122E-03
1.1313277505828E+05 3.7111558485776E-03
1.1313297040167E+05 5.5931955575943E-03
1.1313316574506E+05 2.184163313359E-03
1.1313336108845E+05 -3.5075354389846E-03
1.1313355643184E+05 -2.1159737370908E-03
1.1313375177523E+05 -4.195096436888E-03
1.1313394711862E+05 -6.3870660960674E-03
1.1313414246201E+05 -1.48851191625E-03
1.131343378054E+05 -2.1133662667125E-03
1.1313453314879E+05 -8.7289867224172E-04
1.1313472849218E+05 -6.5767916385084E-04
1.1313492383557E+05 -6.8261125124991E-04
1.1313511917896E+05 -3.0043912120163E-03
1.1313531452235E+05 -3.3065441530198E-03
1.1313550986574E+05 -1.2123975902796E-03
1.1313570520913E+05 -6.5275421366096E-03
1.1313590055252E+05 -6.1353417113423E-03
1.1313609589591E+05 3.7618256174028E-03
1.131362912393E+05 6.7232782021165E-03
1.1313648658269E+05 -1.0268610203639E-03
1.1313668192608E+05 8.8754395255819E-04
1.1313687726947E+05 1.8708156421781E-03
1.1313707261286E+05 -2.3775978479534E-04
1.1313726795625E+05 1.6534174792469E-03
1.1313746329964E+05 1.2781741097569E-03
1.1313765864303E+05 -2.3129378678277E-04
1.1313785398642E+05 7.9714140156284E-04
1.1313804932981E+05 1.4175230171531E-03
1.131382446732E+05 -4.7816932201385E-03
1.1313844001659E+05 -2.6372240390629E-03
1.1313863535998E+05 -3.077675588429E-03
1.1313883070337E+05 6.2513118609786E-03
1.1313902604676E+05 9.6767526119947E-03
1.1313922139015E+05 2.6286689098924E-03
1.1313941673354E+05 6.5765780163929E-04
1.1313961207693E+05 1.2051765806973E-03
1.1313980742032E+05 3.8475904148072E-03
1.1314000276371E+05 4.8893480561674E-03
1.131401981071E+05 3.496489720419E-03
1.1314039345049E+05 3.8125449791551E-03
1.1314058879388E+05 -2.9944472480565E-03
1.1314078413727E+05 -5.8630960993469E-03
1.1314097948066E+05 -2.3310661781579E-03
1.1314117482405E+05 1.5335786156356E-03
1.1314137016744E+05 1.4021771494299E-04
1.1314156551083E+05 -2.8232675977051E-03
1.1314176085422E+05 -1.0230096522719E-03
1.1314195619761E+05 4.0492150001228E-03
1.13142151541E+05 2.2851016838104E-03
1.1314234688439E+05 1.7433174070902E-04
1.1314254222778E+05 8.9573403820395E-03
1.1314273757117E+05 0.016079189255834
1.1314293291456E+05 0.036869317293167
1.1314312825795E+05 0.09277731180191
1.1314332360134E+05 0.18984617292881
1.1314351894473E+05 0.30193418264389
1.1314371428812E+05 0.39375156164169
1.1314390963151E+05 0.39934405684471
1.131441049749E+05 0.3321076631546
1.1314430031829E+05 0.27370896935463
1.1314449566168E+05 0.23617412149906
1.1314469100507E+05 0.1893066316843
1.1314488634846E+05 0.11700088530779
1.1314508169185E+05 0.05821393802762
1.1314527703524E+05 0.028015783056617
1.1314547237863E+05 0.013883572071791
1.1314566772202E+05 9.6119418740273E-03
1.1314586306541E+05 2.6895478367805E-03
1.131460584088E+05 2.7031814679503E-03
1.1314625375219E+05 9.7021954134107E-03
1.1314644909558E+05 5.8102342300117E-03
1.1314664443897E+05 2.4718111380935E-03
1.1314683978236E+05 -1.5630360576324E-04
1.1314703512575E+05 -2.8801944572479E-03
1.1314723046914E+05 -4.2699943878688E-04
1.1314742581253E+05 4.6638984349556E-04
1.1314762115592E+05 -2.8460114262998E-03
1.1314781649931E+05 2.134854439646E-03
1.131480118427E+05 5.2121556364E-03
1.1314820718609E+05 4.0669185109437E-03
1.1314840252948E+05 3.0701789073646E-03
1.1314859787287E+05 2.0407186821103E-03
1.1314879321626E+05 1.9984673708677E-03
1.1314898855965E+05 4.3272654875182E-04
1.1314918390305E+05 -2.2139362990856E-03
1.1314937924644E+05 -9.9071441218257E-04
1.1314957458983E+05 8.9151004794985E-04
1.1314976993322E+05 3.1052415724844E-03
1.1314996527661E+05 3.3982403110713E-03
1.1315016062E+05 1.3084040256217E-04
1.1315035596339E+05 -2.077630488202E-03
1.1315055130678E+05 2.0744025241584E-03
1.1315074665017E+05 2.2871694527566E-03
1.1315094199356E+05 2.3155966773629E-03
1.1315113733695E+05 7.3122563771904E-03
1.1315133268034E+05 -6.3209282234311E-04
1.1315152802373E+05 2.4531094823033E-05
1.1315172336712E+05 2.9962442349643E-03
1.1315191871051E+05 -3.4323360305279E-03
1.131521140539E+05 -1.0977343190461E-03
1.1315230939729E+05 9.1466270387173E-03
1.1315250474068E+05 9.8665314726532E-04
1.1315270008407E+05 -6.1145834624767E-03
1.1315289542746E+05 -3.7537245079875E-03
1.1315309077085E+05 1.4330255798995E-03
1.1315328611424E+05 1.0797422146425E-03
1.1315348145763E+05 -1.3883544597775E-03
1.1315367680102E+05 -7.3471642099321E-04
1.1315387214441E+05 5.2513455739245E-04
1.131540674878E+05 -3.1987158581614E-03
1.1315426283119E+05 -1.4559696428478E-03
1.1315445817458E+05 6.1053002718836E-04
1.1315465351797E+05 2.3191263899207E-03
1.1315484886136E+05 -5.5543403141201E-04
1.1315504420475E+05 5.5625691311434E-04
1.1315523954814E+05 3.5210947971791E-03
1.1315543489153E+05 -9.4737490871921E-04
1.1315563023492E+05 -5.7846265845001E-03
1.1315582557831E+05 -8.8459318503737E-03
1.131560209217E+05 -4.2380206286907E-03
1.1315621626509E+05 1.4919493114576E-03
1.1315641160848E+05 5.3229194600135E-04
1.1315660695187E+05 -1.3148756697774E-03
1.1315680229526E+05 2.4843588471413E-03
1.1315699763865E+05 -1.4364463277161E-04
1.1315719298204E+05 1.0094851022586E-03
1.1315738832543E+05 -2.8862305916846E-03
1.1315758366882E+05 -9.026363492012E-03
1.1315777901221E+05 -7.2395815514028E-03
1.131579743556E+05 -6.4330007880926E-03
1.1315816969899E+05 -1.3761288719252E-03
1.1315836504238E+05 2.4749181466177E-04
1.1315856038577E+05 3.8854407612234E-03
1.1315875572916E+05 2.5664072018117E-03
1.1315895107255E+05 1.0608986485749E-03
1.1315914641594E+05 -3.1607452547178E-04
1.1315934175933E+05 1.1418990325183E-03
1.1315953710272E+05 -6.587051320821E-04
1.1315973244611E+05 -4.8127869376913E-04
1.131599277895E+05 -1.5825683949515E-03
1.1316012313289E+05 -5.1295375451446E-03
1.1316031847628E+05 -4.5005436986685E-03
1.1316051381967E+05 -4.6955728903413E-03
1.1316070916306E+05 -8.5130706429482E-04
1.1316090450645E+05 5.1804957911372E-03
1.1316109984984E+05 6.5096939215437E-04
1.1316129519323E+05 5.7708646636456E-04
1.1316149053662E+05 1.6138978535309E-03
1.1316168588001E+05 4.1632000356913E-03
1.131618812234E+05 -1.9332662923262E-03
1.1316207656679E+05 -4.4621843844652E-03
1.1316227191018E+05 -1.9086911343038E-03
1.1316246725357E+05 -3.8950447924435E-03
1.1316266259696E+05 -3.912765532732E-03
1.1316285794035E+05 -6.3822567462921E-03
1.1316305328374E+05 -3.8613954093307E-03
1.1316324862713E+05 -2.3839781060815E-03
1.1316344397052E+05 -2.0526596345007E-03
1.1316363931391E+05 3.0015821103007E-03
1.131638346573E+05 5.3016687743366E-03
1.1316403000069E+05 4.41859010607E-03
1.1316422534408E+05 4.0712030604482E-03
1.1316442068747E+05 -2.3209128994495E-03
1.1316461603086E+05 -2.0404327660799E-03
1.1316481137425E+05 5.868979729712E-03
1.1316500671764E+05 2.0093931816518E-03
1.1316520206103E+05 -9.6399988979101E-04
1.1316539740442E+05 -2.9826691024937E-04
1.1316559274781E+05 -2.0439368672669E-03
1.131657880912E+05 -3.7272111512721E-06
1.1316598343459E+05 -2.1210792474449E-03
1.1316617877798E+05 -9.9159928504378E-04
1.1316637412137E+05 1.6621635295451E-03
1.1316656946476E+05 3.4702073317021E-03
1.1316676480815E+05 2.757401089184E-04
1.1316696015154E+05 -2.0959649700671E-03
1.1316715549493E+05 -2.2000179160386E-03
1.1316735083833E+05 -2.7013150975108E-03
1.1316754618172E+05 -3.0012443312444E-04
1.1316774152511E+05 1.5471769729629E-03
1.131679368685E+05 3.9542424492538E-03
1.1316813221189E+05 1.498649129644E-03
1.1316832755528E+05 -3.5220289137214E-03
1.1316852289867E+05 -1.1544347507879E-03
1.1316871824206E+05 -1.6295837122016E-04
1.1316891358545E+05 3.026814898476E-03
1.1316910892884E+05 0.013808644376695
1.1316930427223E+05 0.04225017875433
1.1316949961562E+05 0.10521697252989
1.1316969495901E+05 0.20627132058144
1.131698903024E+05 0.31748765707016
1.1317008564579E+05 0.41363489627838
1.1317028098918E+05 0.41945692896843
1.1317047633257E+05 0.33695855736732
1.1317067167596E+05 0.27240699529648
1.1317086701935E+05 0.24065129458904
1.1317106236274E+05 0.19030119478703
1.1317125770613E+05 0.1138094291091
1.1317145304952E+05 0.046177174896002
1.1317164839291E+05 0.020676938816905
1.131718437363E+05 0.01618436910212
1.1317203907969E+05 8.4271021187305E-03
1.1317223442308E+05 4.4975215569139E-03
1.1317242976647E+05 4.2747603729367E-03
1.1317262510986E+05 5.5549498647451E-03
1.1317282045325E+05 -1.9879345200025E-04
1.1317301579664E+05 -1.2146810768172E-03
1.1317321114003E+05 4.4214935041964E-03
1.1317340648342E+05 1.9564442336559E-03
1.1317360182681E+05 -2.4167448282242E-03
1.131737971702E+05 1.7393927555531E-03
1.1317399251359E+05 3.632083768025E-03
1.1317418785698E+05 8.8718766346574E-03
1.1317438320037E+05 3.5426134709269E-03
1.1317457854376E+05 -2.6176034007221E-03
1.1317477388715E+05 2.6343727950007E-03
1.1317496923054E+05 1.2038715649396E-03
1.1317516457393E+05 -3.0941152945161E-03
1.1317535991732E+05 3.0699700582772E-03
1.1317555526071E+05 3.2443199306726E-03
1.131757506041E+05 2.2373499814421E-03
1.1317594594749E+05 -2.8036097064614E-03
1.1317614129088E+05 -6.1122733168304E-03
1.1317633663427E+05 -3.723717527464E-03
1.1317653197766E+05 -4.4678980484605E-03
1.1317672732105E+05 -1.041276846081E-03
1.1317692266444E+05 8.0141628859565E-04
1.1317711800783E+05 2.4511241354048E-03
1.1317731335122E+05 4.3652388267219E-03
1.1317750869461E+05 2.6686394121498E-03
1.13177704038E+05 3.7996454630047E-03
1.1317789938139E+05 1.075706910342E-03
1.1317809472478E+05 1.9628519657999E-03
1.1317829006817E+05 -2.5397803983651E-04
1.1317848541156E+05 -7.8947388101369E-04
1.1317868075495E+05 -2.1142871119082E-03
1.1317887609834E+05 -2.938891062513E-03
1.1317907144173E+05 -3.49140772596E-03
1.1317926678512E+05 1.2014242820442E-03
1.1317946212851E+05 7.2544547729194E-03
1.131796574719E+05 -2.1250878926367E-03
1.1317985281529E+05 -4.0030791424215E-03
1.1318004815868E+05 1.9994783215225E-03
1.1318024350207E+05 1.5893855597824E-03
1.1318043884546E+05 -1.1633613612503E-03
1.1318063418885E+05 -6.3168222550303E-04
1.1318082953224E+05 -1.4271098189056E-03
1.1318102487563E+05 -8.7403802899644E-04
1.1318122021902E+05 -5.0034527666867E-03
1.1318141556241E+05 -6.5743601880968E-03
1.131816109058E+05 -4.0126442909241E-03
1.1318180624919E+05 -2.2745691239834E-03
1.1318200159258E+05 -5.2670789882541E-03
1.1318219693597E+05 -1.7889572773129E-03
1.1318239227936E+05 3.8388918619603E-03
1.1318258762275E+05 2.9420098289847E-03
1.1318278296614E+05 -4.8855780623853E-03
1.1318297830953E+05 -3.9545027539134E-03
1.1318317365292E+05 1.3959645293653E-03
1.1318336899631E+05 3.1001883326098E-04
1.131835643397E+05 -1.4484450221062E-03
1.1318375968309E+05 -1.3996958732605E-03
1.1318395502648E+05 -3.5718709696084E-03
1.1318415036987E+05 1.8474527169019E-03
1.1318434571326E+05 7.7950418926775E-03
1.1318454105665E+05 3.4989167470485E-03
1.1318473640004E+05 4.7182030975819E-03
1.1318493174343E+05 3.3574113622308E-03
1.1318512708682E+05 3.5679084248841E-04
1.1318532243021E+05 2.538836793974E-03
1.131855177736E+05 6.5373012330383E-04
1.13185713117E+05 -9.9958691862412E-05
1.1318590846039E+05 -2.3315160069615E-03
1.1318610380378E+05 -2.707245759666E-03
1.1318629914717E+05 -1.6381454188377E-03
1.1318649449056E+05 -2.9827540274709E-03
1.1318668983395E+05 -3.3024749718606E-03
1.1318688517734E+05 -1.2587490491569E-03
1.1318708052073E+05 -1.8992067780346E-03
1.1318727586412E+05 5.5583455832675E-04
1.1318747120751E+05 4.9266195856035E-03
1.131876665509E+05 2.7337120845914E-03
1.1318786189429E+05 2.0952154882252E-03
1.1318805723768E+05 -6.6483119735494E-04
1.1318825258107E+05 -4.9212081357837E-03
1.1318844792446E+05 1.3680865522474E-03
1.1318864326785E+05 3.3736461773515E-03
1.1318883861124E+05 9.6969958394766E-03
1.1318903395463E+05 0.012920384295285
1.1318922929802E+05 5.1668714731932E-03
1.1318942464141E+05 1.9585664849728E-03
1.131896199848E+05 9.3130823224783E-03
1.1318981532819E+05 0.012839857488871
1.1319001067158E+05 0.031380735337734
1.1319020601497E+05 0.087048329412937
1.1319040135836E+05 0.18789632618427
1.1319059670175E+05 0.30864787101746
1.1319079204514E+05 0.42062285542488
1.1319098738853E+05 0.46526044607162
1.1319118273192E+05 0.40785831212997
1.1319137807531E+05 0.33388319611549
1.131915734187E+05 0.2931589782238
1.1319176876209E+05 0.24473571777344
1.1319196410548E+05 0.1657380014658
1.1319215944887E+05 0.08343618363142
1.1319235479226E+05 0.036657620221376
1.1319255013565E+05 0.016232615336776
1.1319274547904E+05 7.6418993994594E-03
1.1319294082243E+05 4.779664799571E-03
1.1319313616582E+05 -4.1755749844015E-03
1.1319333150921E+05 1.46329915151E-03
1.131935268526E+05 6.5512722358108E-03
1.1319372219599E+05 2.6451949961483E-03
1.1319391753938E+05 1.491263275966E-03
1.1319411288277E+05 9.5347606111318E-04
1.1319430822616E+05 1.2597008608282E-03
1.1319450356955E+05 5.4963030852377E-03
1.1319469891294E+05 4.5454790815711E-03
1.1319489425633E+05 2.9335299041122E-03
1.1319508959972E+05 5.6218593381345E-03
1.1319528494311E+05 4.3370979838073E-03
1.131954802865E+05 -6.536160944961E-04
1.1319567562989E+05 -5.7310676202178E-03
1.1319587097328E+05 -2.732123946771E-03
1.1319606631667E+05 -2.269520657137E-03
1.1319626166006E+05 -2.0596971735358E-03
1.1319645700345E+05 2.5035177823156E-03
1.1319665234684E+05 -1.5260416548699E-03
1.1319684769023E+05 -4.1808458045125E-03
1.1319704303362E+05 -1.0625448776409E-03
1.1319723837701E+05 6.9598308764398E-03
1.131974337204E+05 2.7506758924574E-03
1.1319762906379E+05 -6.9040898233652E-04
1.1319782440718E+05 -2.2089411504567E-03
1.1319801975057E+05 1.5401772689074E-03
1.1319821509396E+05 1.7983157886192E-03
1.1319841043735E+05 -1.2114318087697E-03
1.1319860578074E+05 4.8841438256204E-03
1.1319880112413E+05 1.6552915330976E-03
1.1319899646752E+05 -3.5032774321735E-03
1.1319919181091E+05 3.2788992393762E-03
1.131993871543E+05 8.993154624477E-04
1.1319958249769E+05 -1.4514806680381E-03
1.1319977784108E+05 -2.7538314461708E-03
1.1319997318447E+05 -1.7437618225813E-03
1.1320016852786E+05 -6.9066439755261E-04
1.1320036387125E+05 -3.0184877105057E-03
1.1320055921464E+05 3.3899247646332E-03
1.1320075455803E+05 4.3065277859569E-03
1.1320094990142E+05 -2.2249962203205E-03
1.1320114524481E+05 -3.1401105225086E-03
1.132013405882E+05 7.9030287452042E-06
1.1320153593159E+05 2.386431209743E-03
1.1320173127498E+05 3.7810606881976E-03
1.1320192661837E+05 2.8349012136459E-03
1.1320212196176E+05 -2.2278474643826E-03
1.1320231730515E+05 -1.9157228525728E-03
1.1320251264854E+05 -1.6353212413378E-04
1.1320270799193E+05 2.642995910719E-03
1.1320290333532E+05 6.2349340878427E-03
1.1320309867871E+05 4.1645631426945E-04
1.132032940221E+05 -1.4681421453133E-03
1.1320348936549E+05 2.1306553389877E-04
1.1320368470888E+05 1.245901803486E-03
1.1320388005228E+05 -1.6093554440886E-03
1.1320407539567E+05 -8.6233168840408E-03
1.1320427073906E+05 -4.1280002333224E-03
1.1320446608245E+05 6.1010115314275E-04
1.1320466142584E+05 -1.5570890391245E-03
1.1320485676923E+05 3.2322329934686E-04
1.1320505211262E+05 4.2079365812242E-03
1.1320524745601E+05 2.070339396596E-03
1.132054427994E+05 1.6147732967511E-03
1.1320563814279E+05 -1.6926281386986E-04
1.1320583348618E+05 -1.5749679878354E-03
1.1320602882957E+05 -8.561693248339E-04
1.1320622417296E+05 -1.7890104791149E-03
1.1320641951635E+05 -2.9779472388327E-03
1.1320661485974E+05 -2.2258286480792E-04
1.1320681020313E+05 4.3259477242827E-03
1.1320700554652E+05 6.5775355324149E-03
1.1320720088991E+05 3.9063054136932E-03
1.132073962333E+05 -2.4422039277852E-03
1.1320759157669E+05 -3.991961129941E-04
1.1320778692008E+05 1.5563023043796E-03
1.1320798226347E+05 -5.964586045593E-03
1.1320817760686E+05 -5.5759949609637E-03
1.1320837295025E+05 -2.4586883373559E-03
1.1320856829364E+05 1.2679034844041E-03
1.1320876363703E+05 -1.5364428982139E-03
1.1320895898042E+05 3.9929142221808E-03
1.1320915432381E+05 3.600315656513E-03
1.132093496672E+05 -3.0436553061008E-03
1.1320954501059E+05 -7.1655344218016E-03
1.1320974035398E+05 -4.1627655737102E-03
1.1320993569737E+05 -6.0879497323185E-04
1.1321013104076E+05 3.5581353586167E-04
1.1321032638415E+05 -4.1415635496378E-03
1.1321052172754E+05 -4.9098734743893E-03
1.1321071707093E+05 -3.9846585132182E-03
1.1321091241432E+05 -8.2738284254447E-04
1.1321110775771E+05 6.5707881003618E-03
1.132113031011E+05 5.9267482720315E-03
1.1321149844449E+05 -5.8029284700751E-03
1.1321169378788E+05 -5.1968540064991E-03
1.1321188913127E+05 4.3579627526924E-04
1.1321208447466E+05 4.4631658238359E-04
1.1321227981805E+05 2.5108172558248E-03
1.1321247516144E+05 -8.598396088928E-04
1.1321267050483E+05 -1.1539023835212E-03
1.1321286584822E+05 1.8160170293413E-04
1.1321306119161E+05 1.6669103642926E-03
1.13213256535E+05 4.270778503269E-03
1.1321345187839E+05 5.7624193141237E-04
1.1321364722178E+05 -1.9452291307971E-03
1.1321384256517E+05 1.1890223249793E-03
1.1321403790856E+05 -4.0477409493178E-04
1.1321423325195E+05 -2.986601786688E-03
1.1321442859534E+05 6.30994560197E-04
1.1321462393873E+05 5.580460652709E-03
1.1321481928212E+05 -1.7564784502611E-04
1.1321501462551E+05 -3.4408963983878E-04
1.132152099689E+05 -2.1665939129889E-03
1.1321540531229E+05 -5.3898021578789E-03
1.1321560065568E+05 -3.2442901283503E-03
1.1321579599907E+05 7.5618573464453E-03
1.1321599134246E+05 2.1944837644696E-03
1.1321618668585E+05 -3.3422375563532E-03
1.1321638202924E+05 -4.2196353897452E-03
1.1321657737263E+05 -5.4344246163964E-03
1.1321677271602E+05 4.3923666817136E-04
1.1321696805941E+05 -2.0694597624242E-03
1.132171634028E+05 -7.1052680723369E-03
1.1321735874619E+05 -5.1131141372025E-03
1.1321755408958E+05 4.5675113797188E-03
1.1321774943297E+05 1.1652256944217E-04
1.1321794477636E+05 -4.5993463136256E-03
1.1321814011975E+05 9.2157803010195E-04
1.1321833546314E+05 4.6132583520375E-04
1.1321853080653E+05 -4.1113852057606E-04
1.1321872614992E+05 4.573286511004E-03
1.1321892149331E+05 2.3614522069693E-03
1.132191168367E+05 4.4948674621992E-04
1.1321931218009E+05 4.2411126196384E-03
1.1321950752348E+05 6.4300885424018E-03
1.1321970286687E+05 1.7538346583024E-04
1.1321989821026E+05 -3.1913439743221E-03
1.1322009355365E+05 4.8883259296417E-04
1.1322028889704E+05 4.5334082096815E-03
1.1322048424043E+05 9.1363741084933E-03
1.1322067958382E+05 0.010164891369641
1.1322087492721E+05 6.80609093979E-03
1.132210702706E+05 2.8669841121882E-03
1.1322126561399E+05 3.8129400927573E-03
1.1322146095738E+05 -1.3417731970549E-03
1.1322165630077E+05 -1.903036609292E-03
1.1322185164416E+05 3.4334992524236E-03
1.1322204698756E+05 8.6626578122377E-03
1.1322224233095E+05 6.9289742968976E-03
1.1322243767434E+05 1.7777401953936E-03
1.1322263301773E+05 4.340838175267E-03
1.1322282836112E+05 2.6012083981186E-03
1.1322302370451E+05 -3.7075919099152E-03
1.132232190479E+05 -3.1679959502071E-03
1.1322341439129E+05 3.6861943081021E-03
1.1322360973468E+05 -9.2946639051661E-04
1.1322380507807E+05 -4.8844465054572E-03
1.1322400042146E+05 2.448336686939E-03
1.1322419576485E+05 5.2395258098841E-03
1.1322439110824E+05 -1.9556148909032E-03
1.1322458645163E+05 -8.4618255496025E-03
1.1322478179502E+05 -7.1961537469178E-04
1.1322497713841E+05 -4.1004951344803E-04
1.132251724818E+05 -4.0690409950912E-03
1.1322536782519E+05 -7.6811756007373E-03
1.1322556316858E+05 -5.9220641851425E-03
1.1322575851197E+05 1.058895373717E-03
1.1322595385536E+05 -3.8498970679939E-03
1.1322614919875E+05 -1.6689372714609E-03
1.1322634454214E+05 3.3459779806435E-03
1.1322653988553E+05 -1.3630576431751E-03
1.1322673522892E+05 -2.3692548274994E-03
1.1322693057231E+05 -2.40766745992E-03
1.132271259157E+05 -1.6858556773514E-03
1.1322732125909E+05 8.9676911011338E-03
1.1322751660248E+05 8.6200926452875E-03
1.1322771194587E+05 1.2830938212574E-03
1.1322790728926E+05 2.5396749842912E-03
1.1322810263265E+05 2.6052892208099E-03
1.1322829797604E+05 -5.1568483468145E-04
1.1322849331943E+05 1.1716585140675E-03
1.1322868866282E+05 7.573522743769E-04
1.1322888400621E+05 3.9181960746646E-03
1.132290793496E+05 6.7722396925092E-03
1.1322927469299E+05 4.8201666213572E-03
1.1322947003638E+05 -6.9505081046373E-04
1.1322966537977E+05 -3.0129607766867E-03
1.1322986072316E+05 -5.8263475075364E-03
1.1323005606655E+05 -1.786119537428E-03
1.1323025140994E+05 2.7060965076089E-03
1.1323044675333E+05 1.176098594442E-03
1.1323064209672E+05 -2.9338788590394E-04
1.1323083744011E+05 -1.2830046471208E-03
1.132310327835E+05 -3.9575533010066E-03
1.1323122812689E+05 -3.1138376798481E-03
1.1323142347028E+05 -2.0806232932955E-03
1.1323161881367E+05 -2.22516967915E-03
1.1323181415706E+05 -3.4896270371974E-03
1.1323200950045E+05 6.1621598433703E-04
1.1323220484384E+05 5.8812584029511E-04
1.1323240018723E+05 -5.3724944591522E-03
1.1323259553062E+05 -2.5442640762776E-03
1.1323279087401E+05 -7.9773913603276E-04
1.132329862174E+05 -1.7289412207901E-03
1.1323318156079E+05 -3.3448103349656E-03
1.1323337690418E+05 -2.5174953043461E-03
1.1323357224757E+05 -3.6340563092381E-03
1.1323376759096E+05 -4.55133151263E-03
1.1323396293435E+05 -4.5762294903398E-03
1.1323415827774E+05 -5.0557805225253E-03
1.1323435362113E+05 -2.5869999080896E-03
1.1323454896452E+05 -1.7337235622108E-03
1.1323474430791E+05 -2.0535804796964E-03
1.132349396513E+05 -1.8082819879055E-03
1.1323513499469E+05 4.3720752000809E-04
1.1323533033808E+05 -3.1956611201167E-03
1.1323552568147E+05 -1.8461835570633E-03
1.1323572102486E+05 5.3170672617853E-04
1.1323591636825E+05 1.6975871403702E-04
1.1323611171164E+05 1.0795216076076E-03
1.1323630705503E+05 6.9068337325007E-05
1.1323650239842E+05 2.8453848790377E-04
1.1323669774181E+05 2.2867119405419E-03
1.132368930852E+05 3.8278026040643E-03
1.1323708842859E+05 2.012150362134E-03
1.1323728377198E+05 -1.1636253912002E-03
1.1323747911537E+05 -2.7468001935631E-03
1.1323767445876E+05 1.0346795897931E-03
1.1323786980215E+05 5.3503629751503E-03
1.1323806514554E+05 2.5879978202283E-03
1.1323826048893E+05 1.5739023219794E-03
1.1323845583232E+05 1.7638108693063E-03
1.1323865117571E+05 -1.3250634074211E-03
1.132388465191E+05 -2.1406067535281E-03
1.1323904186249E+05 4.0660268859938E-04
1.1323923720588E+05 -1.3015929143876E-03
1.1323943254927E+05 -2.1241181530058E-03
1.1323962789266E+05 -1.7194672254845E-03
1.1323982323605E+05 9.8900147713721E-04
1.1324001857944E+05 -1.6045696102083E-03
1.1324021392284E+05 -1.7917063087225E-03
1.1324040926623E+05 -2.9167085886002E-03
1.1324060460962E+05 -5.4219425655901E-03
1.1324079995301E+05 -4.0899743908085E-04
1.132409952964E+05 1.9109391141683E-03
1.1324119063979E+05 2.0073661580682E-03
1.1324138598318E+05 -1.2706097913906E-03
1.1324158132657E+05 -4.8377299681306E-03
1.1324177666996E+05 -4.0302351117134E-03
1.1324197201335E+05 -7.0677297189832E-03
1.1324216735674E+05 5.8010220527649E-04
1.1324236270013E+05 3.0673886649311E-03
1.1324255804352E+05 -1.9658696837723E-03
1.1324275338691E+05 -9.7171764355153E-04
1.132429487303E+05 -9.5693487673998E-04
1.1324314407369E+05 2.4780845269561E-03
1.1324333941708E+05 1.6339090652764E-03
1.1324353476047E+05 -1.4090042095631E-03
1.1324373010386E+05 2.5241426192224E-03
1.1324392544725E+05 -2.4514601100236E-03
1.1324412079064E+05 -1.3893218711019E-03
1.1324431613403E+05 -2.1331293974072E-03
1.1324451147742E+05 2.6657120324671E-03
1.1324470682081E+05 6.8980674259365E-03
1.132449021642E+05 3.1299765687436E-03
1.1324509750759E+05 -2.1072374656796E-03
1.1324529285098E+05 -4.7929878346622E-03
1.1324548819437E+05 -1.1809871066362E-03
1.1324568353776E+05 -7.3239225894213E-03
1.1324587888115E+05 -9.8462169989944E-03
1.1324607422454E+05 -5.029666936025E-04
1.1324626956793E+05 5.0635719671845E-03
1.1324646491132E+05 3.1636552885175E-03
1.1324666025471E+05 2.0146096358076E-04
1.132468555981E+05 -1.6855943249539E-03
1.1324705094149E+05 8.5830746684223E-04
1.1324724628488E+05 6.6348812542856E-03
1.1324744162827E+05 -2.4940723087639E-03
1.1324763697166E+05 -5.7597388513386E-03
1.1324783231505E+05 -2.1067182533443E-03
1.1324802765844E+05 -4.9386266618967E-03
1.1324822300183E+05 -5.9602418914437E-03
1.1324841834522E+05 -1.2455976102501E-03
1.1324861368861E+05 1.012927852571E-03
1.13248809032E+05 1.3668065657839E-03
1.1324900437539E+05 -1.3782213209197E-03
1.1324919971878E+05 -1.9372914684936E-03
1.1324939506217E+05 1.454962475691E-04
1.1324959040556E+05 -1.45900901407E-03
1.1324978574895E+05 -3.2224913593382E-03
1.1324998109234E+05 4.7426545061171E-03
1.1325017643573E+05 4.283994436264E-03
1.1325037177912E+05 -2.0151801872998E-03
1.1325056712251E+05 -2.5512797292322E-03
1.132507624659E+05 -1.014215813484E-04
1.1325095780929E+05 6.5466137602925E-03
1.1325115315268E+05 8.6516430601478E-03
1.1325134849607E+05 6.5313540399075E-03
1.1325154383946E+05 4.6021449379623E-03
1.1325173918285E+05 5.6458469480276E-03
1.1325193452624E+05 5.3978357464075E-03
1.1325212986963E+05 -8.9492596453056E-04
1.1325232521302E+05 -1.1610880028456E-03
1.1325252055641E+05 -4.2774481698871E-03
1.132527158998E+05 -4.364671651274E-03
1.1325291124319E+05 2.9924556147307E-03
1.1325310658658E+05 2.0830498542637E-03
1.1325330192997E+05 -1.9576153717935E-03
1.1325349727336E+05 -1.9695064984262E-03
1.1325369261675E+05 -1.2350822798908E-03
1.1325388796014E+05 -2.8795434627682E-03
1.1325408330353E+05 1.0642398847267E-03
1.1325427864692E+05 3.9551043882966E-03
1.1325447399031E+05 -4.2349034920335E-03
1.132546693337E+05 -1.3224540743977E-03
1.1325486467709E+05 3.7173505406827E-03
1.1325506002048E+05 6.4995768480003E-03
1.1325525536387E+05 5.488601513207E-03
1.1325545070726E+05 2.7005630545318E-03
1.1325564605065E+05 -1.052163890563E-03
1.1325584139404E+05 -2.7280496433377E-03
1.1325603673743E+05 1.5081884339452E-04
1.1325623208082E+05 6.8458134774119E-04
1.1325642742421E+05 8.8293571025133E-04
1.132566227676E+05 1.8430261407048E-03
1.1325681811099E+05 -2.0360627677292E-03
1.1325701345438E+05 -1.2632625293918E-04
1.1325720879777E+05 -2.3247194476426E-03
1.1325740414116E+05 -3.8562933914363E-03
1.1325759948455E+05 -2.799823647365E-03
1.1325779482794E+05 3.6232573911548E-03
1.1325799017133E+05 9.530134499073E-03
1.1325818551472E+05 3.0248481780291E-03
1.1325838085811E+05 -2.8721892158501E-04
1.1325857620151E+05 2.4498174898326E-03
1.132587715449E+05 3.4563320223242E-03
1.1325896688829E+05 -1.09018816147E-04
1.1325916223168E+05 7.3452643118799E-04
1.1325935757507E+05 -2.558265812695E-03
1.1325955291846E+05 -2.8598476201296E-03
1.1325974826185E+05 6.4099500887096E-03
1.1325994360524E+05 9.687471203506E-03
1.1326013894863E+05 2.8924641665071E-03
1.1326033429202E+05 2.3331018164754E-03
1.1326052963541E+05 2.7949360664934E-03
1.132607249788E+05 1.3402979820967E-03
1.1326092032219E+05 -6.1944485642016E-03
1.1326111566558E+05 -6.9375820457935E-03
1.1326131100897E+05 -1.1504950234666E-03
1.1326150635236E+05 1.3830491807312E-03
1.1326170169575E+05 4.5434450730681E-03
1.1326189703914E+05 3.3787346910685E-03
1.1326209238253E+05 -4.5067323371768E-03
1.1326228772592E+05 -3.3220376353711E-03
1.1326248306931E+05 -4.1536393109709E-04
1.132626784127E+05 -1.3752689119428E-03
1.1326287375609E+05 -1.7917337827384E-03
1.1326306909948E+05 -1.1952295899391E-03
1.1326326444287E+05 1.0775028495118E-03
1.1326345978626E+05 5.279001314193E-03
1.1326365512965E+05 3.8950168527663E-03
1.1326385047304E+05 -7.9144304618239E-04
1.1326404581643E+05 -6.975743919611E-03
1.1326424115982E+05 -4.2571197263896E-03
1.1326443650321E+05 1.2135768774897E-03
1.132646318466E+05 3.4769445192069E-03
1.1326482718999E+05 5.694470833987E-03
1.1326502253338E+05 2.6945674326271E-03
1.1326521787677E+05 -1.7862352542579E-03
1.1326541322016E+05 -2.8361682780087E-03
1.1326560856355E+05 -2.2192155010998E-03
1.1326580390694E+05 -6.6549301845953E-04
1.1326599925033E+05 4.9731116741896E-03
1.1326619459372E+05 3.6808901932091E-03
1.1326638993711E+05 -2.504272852093E-03
1.132665852805E+05 -4.0226452983916E-03
1.1326678062389E+05 -3.3547685015947E-03
1.1326697596728E+05 2.0766535308212E-03
1.1326717131067E+05 2.8376381378621E-03
1.1326736665406E+05 1.045307435561E-04
1.1326756199745E+05 -4.5797904022038E-04
1.1326775734084E+05 -1.6167827416211E-03
1.1326795268423E+05 -3.3053087536246E-03
1.1326814802762E+05 -3.6725606769323E-03
1.1326834337101E+05 2.0656697452068E-03
1.132685387144E+05 5.778094753623E-03
1.1326873405779E+05 3.1171767041087E-03
1.1326892940118E+05 -5.2340532420203E-05
1.1326912474457E+05 3.1587765552104E-03
1.1326932008796E+05 3.422285662964E-03
1.1326951543135E+05 6.5366335911676E-04
1.1326971077474E+05 3.3081818837672E-03
1.1326990611813E+05 2.0343225914985E-03
1.1327010146152E+05 -1.3636853545904E-03
1.1327029680491E+05 -1.2094206176698E-03
1.132704921483E+05 1.1686698999256E-03
1.1327068749169E+05 1.9070124253631E-03
1.1327088283508E+05 2.9909380245954E-03
1.1327107817847E+05 2.7956671547145E-03
1.1327127352186E+05 3.1800654251128E-03
1.1327146886525E+05 2.9247323982418E-03
1.1327166420864E+05 3.5961528774351E-03
1.1327185955203E+05 -1.4537109527737E-03
1.1327205489542E+05 -7.7608735300601E-03
1.1327225023881E+05 5.6278274860233E-04
1.132724455822E+05 5.1558166742325E-03
1.1327264092559E+05 6.6614765673876E-03
1.1327283626898E+05 3.6777451168746E-03
1.1327303161237E+05 -6.4188982360065E-03
1.1327322695576E+05 -4.632287658751E-03
1.1327342229915E+05 8.7361707119271E-04
1.1327361764254E+05 -5.138055421412E-03
1.1327381298593E+05 -8.9649735018611E-03
1.1327400832932E+05 -2.7553313411772E-03
1.1327420367271E+05 -2.0863239187747E-03
1.132743990161E+05 -9.2153187142685E-04
1.1327459435949E+05 2.3512972984463E-03
1.1327478970288E+05 1.8961366731673E-03
1.1327498504627E+05 4.0186922997236E-03
1.1327518038966E+05 -1.5471486840397E-03
1.1327537573305E+05 1.1820974759758E-03
1.1327557107644E+05 8.7275105761364E-04
1.1327576641983E+05 -6.4937686547637E-03
1.1327596176322E+05 -4.0044342167675E-03
1.1327615710661E+05 -1.1945981532335E-04
1.1327635245E+05 -1.1572210351005E-03
1.1327654779339E+05 -1.5061472076923E-03
1.1327674313679E+05 8.1910128938034E-04
1.1327693848018E+05 -6.4990296959877E-03
1.1327713382357E+05 -6.8094911985099E-03
1.1327732916696E+05 -3.1302538700402E-03
1.1327752451035E+05 -2.1859470289201E-03
1.1327771985374E+05 -1.7773979343474E-03
1.1327791519713E+05 -6.2182489782572E-03
1.1327811054052E+05 -1.3167236465961E-03
1.1327830588391E+05 -1.4142657164484E-03
1.132785012273E+05 2.7473055524752E-05
1.1327869657069E+05 8.3439116133377E-04
1.1327889191408E+05 -2.2693905048072E-03
1.1327908725747E+05 6.1648886185139E-04
1.1327928260086E+05 2.1089515648782E-03
1.1327947794425E+05 2.9622251167893E-03
1.1327967328764E+05 2.3914955090731E-03
1.1327986863103E+05 5.9407404623926E-03
1.1328006397442E+05 -1.8785473366734E-04
1.1328025931781E+05 -6.7230639979243E-03
1.132804546612E+05 -2.8749750345014E-04
1.1328065000459E+05 1.0976719204336E-03
1.1328084534798E+05 1.9175281049684E-03
1.1328104069137E+05 -3.3819727832451E-05
1.1328123603476E+05 -4.9295243807137E-03
1.1328143137815E+05 -5.6079430505633E-03
1.1328162672154E+05 -3.9708125405014E-03
1.1328182206493E+05 2.8869783272967E-04
1.1328201740832E+05 -8.3390390500426E-05
1.1328221275171E+05 -4.0323394350708E-03
1.132824080951E+05 1.4232980902307E-04
1.1328260343849E+05 -5.1998865092173E-04
1.1328279878188E+05 -8.1430771388113E-05
1.1328299412527E+05 -2.991808578372E-04
1.1328318946866E+05 -2.0239944569767E-03
1.1328338481205E+05 -3.2344947103411E-03
1.1328358015544E+05 -3.5887369886041E-03
1.1328377549883E+05 4.3451428064145E-04
1.1328397084222E+05 -8.6535839363933E-03
1.1328416618561E+05 -7.68420426175E-03
1.13284361529E+05 -5.627206992358E-03
1.1328455687239E+05 -2.9807453975081E-03
1.1328475221578E+05 2.3969751782715E-03
1.1328494755917E+05 2.3754124995321E-03
1.1328514290256E+05 3.1653847545385E-03
1.1328533824595E+05 4.157604649663E-03
1.1328553358934E+05 4.3872115202248E-03
1.1328572893273E+05 5.1898849196732E-03
1.1328592427612E+05 5.1326374523342E-03
1.1328611961951E+05 2.794804982841E-03
1.132863149629E+05 1.2125343782827E-03
1.1328651030629E+05 2.2080889903009E-03
1.1328670564968E+05 -3.2008721027523E-03
1.1328690099307E+05 -1.5936128329486E-03
1.1328709633646E+05 -4.665115266107E-04
1.1328729167985E+05 -5.5897035636008E-03
1.1328748702324E+05 -3.2719885930419E-03
1.1328768236663E+05 -2.0768625836354E-04
1.1328787771002E+05 2.3948471061885E-03
1.1328807305341E+05 2.3158278781921E-03
1.132882683968E+05 4.7512256423943E-04
1.1328846374019E+05 -2.4845600128174E-03
1.1328865908358E+05 1.1483964044601E-03
1.1328885442697E+05 -2.3681197781116E-03
1.1328904977036E+05 -3.9764912799001E-05
1.1328924511375E+05 2.5832382962108E-03
1.1328944045714E+05 -1.7533390782773E-03
1.1328963580053E+05 -3.8283723406494E-03
1.1328983114392E+05 8.3546887617558E-04
1.1329002648731E+05 3.1394258257933E-04
1.132902218307E+05 -4.591622389853E-03
1.1329041717409E+05 2.2065336816013E-04
1.1329061251748E+05 -4.0147951804101E-03
1.1329080786087E+05 -6.7973863333464E-03
1.1329100320426E+05 -7.6195653527975E-03
1.1329119854765E+05 -2.4515250697732E-03
1.1329139389104E+05 -2.5166226550937E-03
1.1329158923443E+05 -5.6359833106399E-03
1.1329178457782E+05 -4.3258741497993E-03
1.1329197992121E+05 -3.8105132989585E-04
1.132921752646E+05 -3.2345945946872E-03
1.1329237060799E+05 4.4330110540614E-04
1.1329256595138E+05 -6.055956473574E-04
1.1329276129477E+05 -5.6708254851401E-03
1.1329295663816E+05 -4.8141815932468E-04
1.1329315198155E+05 1.2625606032088E-03
1.1329334732494E+05 -3.8973465561867E-03
1.1329354266833E+05 -2.7256943285465E-03
1.1329373801172E+05 5.4580718278885E-04
1.1329393335511E+05 6.7662657238543E-04
1.132941286985E+05 2.386238775216E-04
1.1329432404189E+05 5.6476858444512E-03
1.1329451938528E+05 1.6886390512809E-03
1.1329471472867E+05 -1.4251092216E-03
1.1329491007207E+05 -8.6196381598711E-03
1.1329510541546E+05 -0.010688581503928
1.1329530075885E+05 2.9234383255243E-03
1.1329549610224E+05 9.2397779226303E-03
1.1329569144563E+05 3.748350776732E-03
1.1329588678902E+05 -3.4993821755052E-03
1.1329608213241E+05 -3.9969072677195E-03
1.132962774758E+05 3.8864058442414E-03
1.1329647281919E+05 6.2180421082303E-04
1.1329666816258E+05 -7.8672096133232E-03
1.1329686350597E+05 -3.3812066540122E-03
1.1329705884936E+05 -1.2418311089277E-03
1.1329725419275E+05 -3.3449181355536E-03
1.1329744953614E+05 -2.8205052949488E-03
1.1329764487953E+05 -6.4067170023918E-04
1.1329784022292E+05 2.2514013107866E-04
1.1329803556631E+05 -2.650192938745E-03
1.132982309097E+05 1.1313651921228E-03
1.1329842625309E+05 5.8168210089207E-03
1.1329862159648E+05 1.1360213393345E-03
1.1329881693987E+05 -5.9382210019976E-04
1.1329901228326E+05 2.8290585614741E-03
1.1329920762665E+05 5.5609084665775E-03
1.1329940297004E+05 5.089495331049E-03
1.1329959831343E+05 4.1122199036181E-03
1.1329979365682E+05 2.1438472904265E-03
1.1329998900021E+05 5.1481975242496E-04
1.133001843436E+05 3.6291033029556E-03
1.1330037968699E+05 -6.9954781793058E-05
1.1330057503038E+05 -6.159670650959E-03
1.1330077037377E+05 7.3596020229161E-04
1.1330096571716E+05 2.4364292621613E-03
1.1330116106055E+05 -2.1864073351026E-03
1.1330135640394E+05 -4.0369303897023E-03
1.1330155174733E+05 -1.5273676253855E-03
1.1330174709072E+05 -3.7539342883974E-04
1.1330194243411E+05 -4.8986119218171E-03
1.133021377775E+05 -2.4448642507195E-03
1.1330233312089E+05 6.6575862001628E-04
1.1330252846428E+05 -1.2720243539661E-03
1.1330272380767E+05 -5.8669771533459E-04
1.1330291915106E+05 -3.2152612693608E-03
1.1330311449445E+05 -2.938577439636E-03
1.1330330983784E+05 -8.5926114115864E-04
1.1330350518123E+05 3.1435308046639E-03
1.1330370052462E+05 7.9963561147451E-03
1.1330389586801E+05 4.7862627543509E-03
1.133040912114E+05 -9.1644661733881E-04
1.1330428655479E+05 -8.8560697622597E-04
1.1330448189818E+05 9.5310062170029E-04
1.1330467724157E+05 -2.1147569350433E-04
1.1330487258496E+05 -6.5374991390854E-04
1.1330506792835E+05 -1.6090020653792E-04
1.1330526327174E+05 2.7809501625597E-03
1.1330545861513E+05 -1.8485198961571E-03
1.1330565395852E+05 -8.4799565374851E-03
1.1330584930191E+05 -2.1286145783961E-03
1.133060446453E+05 2.6787724345922E-03
1.1330623998869E+05 1.5653987647966E-03
1.1330643533208E+05 -2.4955268017948E-03
1.1330663067547E+05 -4.8765670508146E-03
1.1330682601886E+05 -2.6309401728213E-03
1.1330702136225E+05 2.2960163187236E-03
1.1330721670564E+05 4.3143834918737E-03
1.1330741204903E+05 1.8211776623502E-03
1.1330760739242E+05 -5.3152337204665E-04
1.1330780273581E+05 2.1735671907663E-03
1.133079980792E+05 -4.2256258893758E-04
1.1330819342259E+05 -1.3003465719521E-03
1.1330838876598E+05 9.4963330775499E-04
1.1330858410937E+05 3.1359072308987E-03
1.1330877945276E+05 -3.7107286043465E-03
1.1330897479615E+05 -1.6715601086617E-03
1.1330917013954E+05 -1.3646535808221E-03
1.1330936548293E+05 -2.6405856478959E-03
1.1330956082632E+05 -2.8728158213198E-05
1.1330975616971E+05 -2.3401221260428E-03
1.133099515131E+05 -1.4198751887307E-03
1.1331014685649E+05 -1.3169016456231E-03
1.1331034219988E+05 1.8606694648042E-03
1.1331053754327E+05 2.1506876219064E-03
1.1331073288666E+05 2.0523753482848E-03
1.1331092823005E+05 2.2376580163836E-03
1.1331112357344E+05 -1.3333084061742E-03
1.1331131891683E+05 -1.4128857292235E-03
1.1331151426022E+05 -5.541869904846E-04
1.1331170960361E+05 1.2248447164893E-03
1.13311904947E+05 4.9536288715899E-03
1.1331210029039E+05 -7.8476243652403E-04
1.1331229563378E+05 -4.5638573355973E-03
1.1331249097717E+05 -1.7866917187348E-03
1.1331268632056E+05 4.4843093492091E-03
1.1331288166395E+05 8.2775428891182E-03
1.1331307700734E+05 2.3820765782148E-03
1.1331327235074E+05 -4.1180420666933E-03
1.1331346769413E+05 -2.9900134541094E-04
1.1331366303752E+05 2.4268968263641E-04
1.1331385838091E+05 -3.8618938997388E-03
1.133140537243E+05 9.6736993873492E-04
1.1331424906769E+05 3.0630566179752E-03
1.1331444441108E+05 -6.7955028498545E-05
1.1331463975447E+05 6.9178669946268E-04
1.1331483509786E+05 2.3502216208726E-03
1.1331503044125E+05 3.5780472680926E-03
1.1331522578464E+05 7.4558882042766E-03
1.1331542112803E+05 6.2842443585396E-03
1.1331561647142E+05 2.9084214475006E-03
1.1331581181481E+05 5.3808498196304E-03
1.133160071582E+05 3.5962818656117E-03
1.1331620250159E+05 -2.6968326419592E-03
1.1331639784498E+05 -7.3622213676572E-06
1.1331659318837E+05 2.0090721081942E-03
1.1331678853176E+05 4.1070964653045E-04
1.1331698387515E+05 -1.3921826612204E-03
1.1331717921854E+05 1.2602240312845E-03
1.1331737456193E+05 4.0937960147858E-03
1.1331756990532E+05 -3.2194382511079E-03
1.1331776524871E+05 -7.7304901788011E-04
1.133179605921E+05 8.8796688942239E-04
1.1331815593549E+05 -2.1563062909991E-03
1.1331835127888E+05 -3.6784850526601E-03
1.1331854662227E+05 8.4203406004235E-05
1.1331874196566E+05 5.618816241622E-03
1.1331893730905E+05 1.4398249331862E-03
1.1331913265244E+05 -3.2938027288765E-04
1.1331932799583E+05 2.7820279356092E-03
1.1331952333922E+05 -6.2634954228997E-03
1.1331971868261E+05 -2.7864687144756E-03
1.13319914026E+05 -1.0843491181731E-03
1.1332010936939E+05 -3.0442411080003E-03
1.1332030471278E+05 -9.8160258494318E-04
1.1332050005617E+05 2.5250795297325E-03
1.1332069539956E+05 2.0878815557808E-03
1.1332089074295E+05 -5.0471741706133E-03
1.1332108608634E+05 -2.4867034517229E-03
1.1332128142973E+05 2.8489995747805E-04
1.1332147677312E+05 1.8777498044074E-03
1.1332167211651E+05 -7.9952704254538E-05
1.133218674599E+05 -1.2396425008774E-03
1.1332206280329E+05 2.4476798716933E-03
1.1332225814668E+05 1.5099190641195E-03
1.1332245349007E+05 1.0856692679226E-03
1.1332264883346E+05 -1.3722162693739E-03
1.1332284417685E+05 -7.423089351505E-03
1.1332303952024E+05 -7.2820857167244E-03
1.1332323486363E+05 -6.1306590214372E-03
1.1332343020702E+05 -4.3704304844141E-03
1.1332362555041E+05 3.5702809691429E-03
1.133238208938E+05 4.0946882218122E-03
1.1332401623719E+05 -3.5740747116506E-03
1.1332421158058E+05 2.6049022562802E-03
1.1332440692397E+05 -1.8174459692091E-03
1.1332460226736E+05 -7.5263795442879E-03
1.1332479761075E+05 -5.2962708286941E-03
1.1332499295414E+05 1.9071862334386E-04
1.1332518829753E+05 -3.5923169343732E-04
1.1332538364092E+05 1.8731720047072E-04
1.1332557898431E+05 -5.2589748520404E-05
1.133257743277E+05 7.8428670531139E-04
1.1332596967109E+05 3.9830775931478E-03
1.1332616501448E+05 3.8443563971668E-03
1.1332636035787E+05 3.6929454654455E-03
1.1332655570126E+05 1.6665041912347E-03
1.1332675104465E+05 -4.8246481455863E-03
1.1332694638804E+05 -2.4102046154439E-03
1.1332714173143E+05 9.2231705784798E-03
1.1332733707482E+05 6.0529219917953E-03
1.1332753241821E+05 1.884565455839E-03
1.133277277616E+05 2.826435258612E-03
1.1332792310499E+05 3.3945098984987E-03
1.1332811844838E+05 5.3203962743282E-03
1.1332831379177E+05 5.2393143996596E-03
1.1332850913516E+05 4.7115054912865E-03
1.1332870447855E+05 5.1259403117001E-03
1.1332889982194E+05 1.1222918983549E-03
1.1332909516533E+05 -5.3305877372622E-04
1.1332929050872E+05 -2.6874239556491E-03
1.1332948585211E+05 4.8543815501034E-04
1.133296811955E+05 2.8880401514471E-03
1.1332987653889E+05 -2.494957530871E-03
1.1333007188228E+05 1.0187288280576E-03
1.1333026722567E+05 -1.9625283312052E-03
1.1333046256906E+05 -5.3269970230758E-03
1.1333065791245E+05 -2.4746975395828E-03
1.1333085325584E+05 1.5491626691073E-03
1.1333104859923E+05 2.948357257992E-03
1.1333124394262E+05 4.5649884268641E-03
1.1333143928602E+05 5.1283081993461E-03
1.1333163462941E+05 0.011154606938362
1.133318299728E+05 7.3740785010159E-03
1.1333202531619E+05 -4.6551930718124E-03
1.1333222065958E+05 -5.3927656263113E-03
1.1333241600297E+05 -9.1594603145495E-04
1.1333261134636E+05 -1.7616732511669E-03
1.1333280668975E+05 -4.2964285239577E-03
1.1333300203314E+05 -3.9122877642512E-03
1.1333319737653E+05 -4.2365174740553E-03
1.1333339271992E+05 -5.7624541223049E-03
1.1333358806331E+05 -8.6087035015225E-03
1.133337834067E+05 -0.010918631218374
1.1333397875009E+05 -5.7707075029612E-06
1.1333417409348E+05 0.010448776185513
1.1333436943687E+05 4.6590529382229E-03
1.1333456478026E+05 8.1105343997478E-04
1.1333476012365E+05 -1.1245451169088E-03
1.1333495546704E+05 3.2567929010838E-03
1.1333515081043E+05 3.3800846431404E-03
1.1333534615382E+05 -4.5980215072632E-03
1.1333554149721E+05 -5.4290698608384E-04
1.133357368406E+05 -1.4333706349134E-03
1.1333593218399E+05 6.48990040645E-04
1.1333612752738E+05 -6.3517317175865E-04
1.1333632287077E+05 6.1944720800966E-04
1.1333651821416E+05 1.3271404895931E-04
1.1333671355755E+05 1.5693196328357E-03
1.1333690890094E+05 1.6853339038789E-03
1.1333710424433E+05 1.6432839911431E-03
1.1333729958772E+05 2.8129869606346E-03
1.1333749493111E+05 -1.3380747986957E-03
1.133376902745E+05 -6.7006414756179E-03
1.1333788561789E+05 -2.9381988570094E-03
1.1333808096128E+05 8.8862190023065E-04
1.1333827630467E+05 4.7545350389555E-04
1.1333847164806E+05 1.3074805028737E-03
1.1333866699145E+05 4.7650029882789E-03
1.1333886233484E+05 -1.1838469654322E-03
1.1333905767823E+05 -4.7841817140579E-03
1.1333925302162E+05 -2.7497729752213E-03
1.1333944836501E+05 -1.010185922496E-03
1.133396437084E+05 -3.8524807896465E-03
1.1333983905179E+05 -4.4087870046496E-03
1.1334003439518E+05 -1.8112937686965E-03
1.1334022973857E+05 -1.0571461170912E-03
1.1334042508196E+05 -3.8506562123075E-04
1.1334062042535E+05 -8.0803234595805E-04
1.1334081576874E+05 1.3661803677678E-03
1.1334101111213E+05 3.9387485012412E-03
1.1334120645552E+05 4.2623486369848E-03
1.1334140179891E+05 -8.1960979150608E-04
1.133415971423E+05 -3.9259431650862E-04
1.1334179248569E+05 -6.9976586382836E-04
1.1334198782908E+05 -5.2330559119582E-03
1.1334218317247E+05 2.9356381855905E-03
1.1334237851586E+05 5.0617954693735E-03
1.1334257385925E+05 7.464962080121E-03
1.1334276920264E+05 3.7884875200689E-03
1.1334296454603E+05 -2.4754735641181E-03
1.1334315988942E+05 -4.1266076732427E-04
1.1334335523281E+05 5.4600433213636E-04
1.133435505762E+05 1.6465492080897E-03
1.1334374591959E+05 1.5739060472697E-03
1.1334394126298E+05 6.2550301663578E-03
1.1334413660637E+05 3.4002417232841E-03
1.1334433194976E+05 -2.3481806274503E-03
1.1334452729315E+05 -4.022475797683E-03
1.1334472263654E+05 -8.9352281065658E-04
1.1334491797993E+05 2.0372273866087E-03
1.1334511332332E+05 -5.6295529939234E-03
1.1334530866671E+05 -1.5416339738294E-03
1.133455040101E+05 2.8493893332779E-03
1.1334569935349E+05 2.3470025043935E-03
1.1334589469688E+05 1.4997100224718E-03
1.1334609004027E+05 2.6166751049459E-03
1.1334628538366E+05 -1.4277354348451E-03
1.1334648072705E+05 -2.3982929997146E-03
1.1334667607044E+05 -2.2205328568816E-03
1.1334687141383E+05 -4.8491815105081E-03
1.1334706675722E+05 -1.6854850109667E-03
1.1334726210061E+05 1.8140359316021E-03
1.13347457444E+05 3.1541837379336E-03
1.1334765278739E+05 -2.1397233940661E-03
1.1334784813078E+05 -2.8616462368518E-03
1.1334804347417E+05 -6.4949970692396E-04
1.1334823881756E+05 9.6615799702704E-04
1.1334843416095E+05 -6.2328763306141E-05
1.1334862950434E+05 -7.0442371070385E-03
1.1334882484773E+05 -6.5233381465077E-03
1.1334902019112E+05 4.0485651697963E-04
1.1334921553451E+05 3.0408161692321E-03
1.133494108779E+05 -1.8010315252468E-03
1.1334960622129E+05 -6.2789488583803E-03
1.1334980156469E+05 -3.7042694166303E-03
1.1334999690808E+05 -3.3824611455202E-03
1.1335019225147E+05 4.8297876492143E-03
1.1335038759486E+05 6.2334118410945E-03
1.1335058293825E+05 2.5225237477571E-03
1.1335077828164E+05 3.6647736560553E-03
1.1335097362503E+05 1.8093527760357E-03
1.1335116896842E+05 -4.6467274660245E-04
1.1335136431181E+05 3.954810090363E-04
1.133515596552E+05 4.0715038776398E-03
1.1335175499859E+05 3.2657380215824E-03
1.1335195034198E+05 -4.2570014484227E-03
1.1335214568537E+05 -3.2946583814919E-03
1.1335234102876E+05 2.1860678680241E-03
1.1335253637215E+05 7.7842466998845E-04
1.1335273171554E+05 -5.6110817240551E-04
1.1335292705893E+05 -2.4872838985175E-03
1.1335312240232E+05 1.2547007063404E-03
1.1335331774571E+05 4.0094336145557E-04
1.133535130891E+05 3.0865848530084E-03
1.1335370843249E+05 1.5271394513547E-03
1.1335390377588E+05 1.1503734858707E-03
1.1335409911927E+05 7.6826638542116E-04
1.1335429446266E+05 -6.8176696076989E-03
1.1335448980605E+05 -2.4712500162423E-03
1.1335468514944E+05 1.2489445507526E-03
1.1335488049283E+05 1.8912593368441E-03
1.1335507583622E+05 3.1092292629182E-03
1.1335527117961E+05 -7.648840546608E-04
1.13355466523E+05 -5.1627359353006E-03
1.1335566186639E+05 -5.7287635281682E-03
1.1335585720978E+05 -2.4751732125878E-03
1.1335605255317E+05 2.9729998204857E-03
1.1335624789656E+05 3.0366329010576E-03
1.1335644323995E+05 -9.0470155701041E-03
1.1335663858334E+05 -6.2263985164464E-03
1.1335683392673E+05 5.0025433301926E-04
1.1335702927012E+05 1.7975638620555E-03
1.1335722461351E+05 1.837037038058E-03
1.133574199569E+05 -3.6479177651927E-04
1.1335761530029E+05 -2.2942565847188E-03
1.1335781064368E+05 -3.0903576407582E-03
1.1335800598707E+05 1.0670498013496E-03
1.1335820133046E+05 2.7551972307265E-03
1.1335839667385E+05 4.1628413600847E-04
1.1335859201724E+05 2.4235274177045E-03
1.1335878736063E+05 -2.217119326815E-03
1.1335898270402E+05 -6.0061435215175E-03
1.1335917804741E+05 -1.5983106277417E-04
1.133593733908E+05 -1.4435733901337E-03
1.1335956873419E+05 -5.7355971075594E-03
1.1335976407758E+05 -5.8659835485741E-04
1.1335995942097E+05 -1.7825239337981E-03
1.1336015476436E+05 -1.8511600792408E-03
1.1336035010775E+05 -1.29992258735E-03
1.1336054545114E+05 -2.4545807391405E-03
1.1336074079453E+05 9.5038278959692E-04
1.1336093613792E+05 1.6506968531758E-03
1.1336113148131E+05 -1.8162827473134E-05
1.133613268247E+05 4.5394583139569E-04
1.1336152216809E+05 -1.0690835188143E-04
1.1336171751148E+05 -1.7342122737318E-03
1.1336191285487E+05 3.1506381928921E-03
1.1336210819826E+05 4.7397874295712E-03
1.1336230354165E+05 2.8341864235699E-03
1.1336249888504E+05 -7.9471530625597E-05
1.1336269422843E+05 4.7036712057889E-03
1.1336288957182E+05 5.187310744077E-03
1.1336308491521E+05 9.5348135801032E-04
1.133632802586E+05 2.3689307272434E-03
1.1336347560199E+05 3.2922136597335E-03
1.1336367094538E+05 9.0556181967258E-03
1.1336386628877E+05 7.9331528395414E-03
1.1336406163216E+05 1.9692308269441E-03
1.1336425697555E+05 2.5017410516739E-03
1.1336445231894E+05 8.1548996968195E-04
1.1336464766233E+05 1.721850130707E-03
1.1336484300572E+05 6.4766855211928E-04
1.1336503834911E+05 -1.7692311666906E-03
1.133652336925E+05 1.0065578389913E-03
1.1336542903589E+05 -5.3701235447079E-04
1.1336562437928E+05 2.3567581083626E-03
1.1336581972267E+05 2.4528007488698E-03
1.1336601506606E+05 -1.6896422021091E-03
1.1336621040945E+05 -3.1444556079805E-03
1.1336640575284E+05 -5.8605880476534E-03
1.1336660109623E+05 -5.8616222813725E-03
1.1336679643962E+05 -6.6161751747131E-03
1.1336699178301E+05 -3.2995797228068E-03
1.133671871264E+05 -6.7210444249213E-03
1.1336738246979E+05 -2.2358833812177E-03
1.1336757781318E+05 1.2930349912494E-03
1.1336777315657E+05 -2.3222654126585E-03
1.1336796849997E+05 -2.0499491074588E-04
1.1336816384336E+05 8.1096444046125E-04
1.1336835918675E+05 2.9121460393071E-03
1.1336855453014E+05 1.3042037608102E-04
1.1336874987353E+05 -1.341592753306E-03
1.1336894521692E+05 -1.5108550433069E-03
1.1336914056031E+05 -6.2853745184839E-03
1.133693359037E+05 -5.8801253326237E-03
1.1336953124709E+05 -1.2368762400001E-03
1.1336972659048E+05 -1.8355090287514E-04
1.1336992193387E+05 3.2190163619816E-04
1.1337011727726E+05 3.917234018445E-03
1.1337031262065E+05 3.5518959630281E-03
1.1337050796404E+05 -2.6975127402693E-03
1.1337070330743E+05 -1.3614830095321E-03
1.1337089865082E+05 -1.2410912313499E-04
1.1337109399421E+05 1.4290409162641E-03
1.133712893376E+05 4.9770076293498E-04
1.1337148468099E+05 1.3837264850736E-03
1.1337168002438E+05 -2.2997879423201E-03
1.1337187536777E+05 -5.3351265378296E-03
1.1337207071116E+05 -5.740340333432E-03
1.1337226605455E+05 -3.2847470138222E-03
1.1337246139794E+05 1.3061661738902E-03
1.1337265674133E+05 7.4798446148634E-03
1.1337285208472E+05 8.096270263195E-03
1.1337304742811E+05 4.0657129138708E-03
1.133732427715E+05 3.6242147907615E-03
1.1337343811489E+05 6.0207368806005E-03
1.1337363345828E+05 -6.5222894772887E-04
1.1337382880167E+05 1.656757784076E-03
1.1337402414506E+05 2.3640797007829E-04
1.1337421948845E+05 -2.2312763612717E-03
1.1337441483184E+05 6.2911645509303E-03
1.1337461017523E+05 3.7843303289264E-03
1.1337480551862E+05 -6.3672680407763E-03
1.1337500086201E+05 9.9447905085981E-04
1.133751962054E+05 4.6275001950562E-03
1.1337539154879E+05 -3.7584334495477E-04
1.1337558689218E+05 -2.012298675254E-03
1.1337578223557E+05 -1.6217343509197E-03
1.1337597757896E+05 2.8311037458479E-03
1.1337617292235E+05 1.1108620092273E-03
1.1337636826574E+05 -6.2481925124303E-04
1.1337656360913E+05 -2.1721608936787E-03
1.1337675895252E+05 -1.243201084435E-03
1.1337695429591E+05 1.1099162511528E-03
1.133771496393E+05 2.5905799120665E-03
1.1337734498269E+05 4.7058195923455E-04
1.1337754032608E+05 2.202428644523E-03
1.1337773566947E+05 7.9102087765932E-03
1.1337793101286E+05 6.3478816300631E-03
1.1337812635625E+05 -4.1691615479067E-05
1.1337832169964E+05 2.0802605431527E-03
1.1337851704303E+05 -2.0885225385427E-03
1.1337871238642E+05 -4.3886895291507E-03
1.1337890772981E+05 -5.1162351155654E-04
1.133791030732E+05 3.0027809552848E-03
1.1337929841659E+05 1.5609363326803E-03
1.1337949375998E+05 2.0000985823572E-03
1.1337968910337E+05 4.0336190722883E-03
1.1337988444676E+05 -8.9314102660865E-04
1.1338007979015E+05 2.0263218320906E-03
1.1338027513354E+05 4.07206825912E-03
1.1338047047693E+05 -1.5120870666578E-03
1.1338066582032E+05 -4.5220437459648E-03
1.1338086116371E+05 -3.8379724137485E-03
1.133810565071E+05 -2.6296922005713E-03
1.1338125185049E+05 -4.4498448260128E-03
1.1338144719388E+05 -2.1905386820436E-03
1.1338164253727E+05 3.0539550352842E-03
1.1338183788066E+05 1.6344945179299E-03
1.1338203322405E+05 -3.5789692774415E-03
1.1338222856744E+05 1.8265062244609E-03
1.1338242391083E+05 1.6514669405296E-03
1.1338261925422E+05 -1.1390940053388E-03
1.1338281459761E+05 2.0638431888074E-03
1.13383009941E+05 9.4704627990723E-03
1.1338320528439E+05 0.012563305906951
1.1338340062778E+05 3.6761336959898E-03
1.1338359597117E+05 2.3323968052864E-03
1.1338379131456E+05 6.6522886045277E-03
1.1338398665795E+05 9.3127908185124E-03
1.1338418200134E+05 6.9462242536247E-03
1.1338437734473E+05 4.0088184177876E-03
1.1338457268812E+05 5.524299107492E-03
1.1338476803151E+05 3.0057670082897E-03
1.133849633749E+05 -8.2088867202401E-04
1.1338515871829E+05 -2.4498655693606E-04
1.1338535406168E+05 -6.5031519625336E-04
1.1338554940507E+05 4.3657160131261E-04
1.1338574474846E+05 2.8256964869797E-03
1.1338594009185E+05 8.8175674900413E-03
1.1338613543525E+05 8.4487460553646E-03
1.1338633077864E+05 6.5534194000065E-03
1.1338652612203E+05 -4.7340709716082E-04
1.1338672146542E+05 -2.4124947376549E-03
1.1338691680881E+05 -2.4348013103008E-03
1.133871121522E+05 8.2943716552109E-04
1.1338730749559E+05 -1.868860097602E-03
1.1338750283898E+05 -3.4619802609086E-03
1.1338769818237E+05 -3.7300661206245E-03
1.1338789352576E+05 -3.8879746571183E-03
1.1338808886915E+05 1.1891048634425E-03
1.1338828421254E+05 2.4448619224131E-03
1.1338847955593E+05 -1.6795301344246E-03
1.1338867489932E+05 -9.5907030627131E-03
1.1338887024271E+05 -8.5066081956029E-03
1.133890655861E+05 -2.7045090682805E-03
1.1338926092949E+05 -7.8422174556181E-04
1.1338945627288E+05 -4.1646172758192E-04
1.1338965161627E+05 -4.2593334801495E-03
1.1338984695966E+05 -1.859635085566E-04
1.1339004230305E+05 4.1752943070605E-04
1.1339023764644E+05 5.481515545398E-03
1.1339043298983E+05 5.8807828463614E-03
1.1339062833322E+05 -3.7887245416641E-03
1.1339082367661E+05 -4.9148867838085E-03
1.1339101902E+05 -2.5481679476798E-03
1.1339121436339E+05 -3.2810484990478E-03
1.1339140970678E+05 -2.3251748643816E-03
1.1339160505017E+05 1.7646482447162E-03
1.1339180039356E+05 -2.4605272337794E-03
1.1339199573695E+05 -2.0944578573108E-03
1.1339219108034E+05 5.9419292956591E-03
1.1339238642373E+05 1.2442099396139E-03
1.1339258176712E+05 -1.013801433146E-03
1.1339277711051E+05 1.4012485044077E-03
1.133929724539E+05 3.8979020901024E-03
1.1339316779729E+05 -7.0275098551065E-05
1.1339336314068E+05 2.8396578272805E-05
1.1339355848407E+05 4.6138474717736E-03
1.1339375382746E+05 3.2794498838484E-03
1.1339394917085E+05 7.5446290429682E-04
1.1339414451424E+05 1.7582321306691E-03
1.1339433985763E+05 1.5633999137208E-03
1.1339453520102E+05 1.8349745078012E-03
1.1339473054441E+05 -2.8158077038825E-03
1.133949258878E+05 -3.0268803238869E-03
1.1339512123119E+05 6.570954574272E-04
1.1339531657458E+05 -1.8540894379839E-03
1.1339551191797E+05 -5.5413572117686E-03
1.1339570726136E+05 -1.7181294970214E-03
1.1339590260475E+05 3.433408215642E-03
1.1339609794814E+05 -4.573576443363E-04
1.1339629329153E+05 3.499593003653E-05
1.1339648863492E+05 3.4246582072228E-04
1.1339668397831E+05 2.153892070055E-03
1.133968793217E+05 -8.2577625289559E-04
1.1339707466509E+05 -1.1656759306788E-03
1.1339727000848E+05 -1.4780197525397E-03
1.1339746535187E+05 3.6631716648117E-04
1.1339766069526E+05 -3.4982233773917E-03
1.1339785603865E+05 -2.9442022787407E-04
1.1339805138204E+05 2.3557997774333E-03
1.1339824672543E+05 -5.609430372715E-03
1.1339844206882E+05 -4.4136550277472E-03
1.1339863741221E+05 5.1169528160244E-04
1.133988327556E+05 -1.5477614942938E-03
1.1339902809899E+05 1.0399899911135E-03
1.1339922344238E+05 -4.9098231829703E-03
1.1339941878577E+05 -1.912922016345E-03
1.1339961412916E+05 4.1570868343115E-03
1.1339980947255E+05 9.1381892561913E-03
1.1340000481594E+05 3.1453694682568E-03
1.1340020015933E+05 -3.7881007883698E-03
1.1340039550272E+05 -4.8233415000141E-03
1.1340059084611E+05 1.308002974838E-03
1.134007861895E+05 0.012079898267984
1.1340098153289E+05 8.1787565723062E-03
1.1340117687628E+05 3.3566234633327E-03
1.1340137221967E+05 3.6273261066526E-03
1.1340156756306E+05 4.1840691119432E-03
1.1340176290645E+05 4.9520013853908E-03
1.1340195824984E+05 5.2391085773706E-03
1.1340215359323E+05 -2.3883692920208E-03
1.1340234893662E+05 -8.9559832122177E-04
1.1340254428001E+05 4.9171536229551E-03
1.134027396234E+05 -2.6299704331905E-03
1.1340293496679E+05 -4.8259850591421E-03
1.1340313031018E+05 -6.6514196805656E-04
1.1340332565357E+05 6.3991299830377E-03
1.1340352099696E+05 6.463241763413E-03
1.1340371634035E+05 3.9219851605594E-03
1.1340391168374E+05 -2.1474061068147E-03
1.1340410702713E+05 2.159520983696E-03
1.1340430237053E+05 6.0723479837179E-03
1.1340449771392E+05 3.3758841454983E-03
1.1340469305731E+05 6.3000957015902E-04
1.134048884007E+05 5.2375942468643E-03
1.1340508374409E+05 6.4605951774865E-04
1.1340527908748E+05 -2.3593418300152E-03
1.1340547443087E+05 -3.2849838025868E-03
1.1340566977426E+05 -6.495816167444E-03
1.1340586511765E+05 -2.3845883551985E-03
1.1340606046104E+05 -4.7121447278187E-04
1.1340625580443E+05 -1.6148085705936E-03
1.1340645114782E+05 -8.1383268116042E-04
1.1340664649121E+05 1.1272225528955E-03
1.134068418346E+05 -2.4656902533025E-03
1.1340703717799E+05 -9.814539225772E-06
1.1340723252138E+05 -2.7875420637429E-03
1.1340742786477E+05 -2.2585862316191E-03
1.1340762320816E+05 3.0874344520271E-03
1.1340781855155E+05 1.6696008387953E-03
1.1340801389494E+05 3.0485657043755E-04
1.1340820923833E+05 -3.2926542917266E-04
1.1340840458172E+05 1.0434885043651E-03
1.1340859992511E+05 -1.266930019483E-03
1.134087952685E+05 -3.8508342113346E-03
1.1340899061189E+05 -6.0507352463901E-04
1.1340918595528E+05 3.397191176191E-03
1.1340938129867E+05 5.0653391517699E-03
1.1340957664206E+05 0.010338401421905
1.1340977198545E+05 0.012635632418096
1.1340996732884E+05 0.011331689544022
1.1341016267223E+05 0.012592070735991
1.1341035801562E+05 0.021611958742142
1.1341055335901E+05 0.023441074416041
1.134107487024E+05 0.013780971989036
1.1341094404579E+05 9.0137561783195E-03
1.1341113938918E+05 4.0087560191751E-03
1.1341133473257E+05 -3.0794304329902E-03
1.1341153007596E+05 -2.8903370257467E-03
1.1341172541935E+05 -2.1673094015568E-03
1.1341192076274E+05 7.5939757516608E-04
1.1341211610613E+05 7.4017298175022E-04
1.1341231144952E+05 -1.1574474629015E-03
1.1341250679291E+05 -3.0852954369038E-03
1.134127021363E+05 -7.4746422469616E-03
1.1341289747969E+05 -2.945308573544E-03
1.1341309282308E+05 1.1784876696765E-03
1.1341328816647E+05 -7.3997594881803E-05
1.1341348350986E+05 -7.7681324910372E-04
1.1341367885325E+05 -4.8276054440066E-04
1.1341387419664E+05 4.7168042510748E-04
1.1341406954003E+05 1.3751871883869E-03
1.1341426488342E+05 -4.8823240213096E-03
1.1341446022681E+05 -2.5935019366443E-03
1.134146555702E+05 7.0744939148426E-03
1.1341485091359E+05 3.8898685015738E-03
1.1341504625698E+05 -4.093982744962E-03
1.1341524160037E+05 -3.306332975626E-03
1.1341543694376E+05 -5.0864857621491E-04
1.1341563228715E+05 3.8709328509867E-03
1.1341582763054E+05 4.9511799588799E-03
1.1341602297393E+05 -4.0680412203074E-03
1.1341621831732E+05 -1.3453362043947E-03
1.1341641366071E+05 -2.8873013798147E-03
1.134166090041E+05 -1.7224762123078E-03
1.1341680434749E+05 3.1697945669293E-03
1.1341699969088E+05 -1.4716351870447E-03
1.1341719503427E+05 -2.9498375952244E-03
1.1341739037766E+05 -5.1747811958194E-03
1.1341758572105E+05 -1.8155909492634E-04
1.1341778106444E+05 2.5151439476758E-03
1.1341797640783E+05 -3.2023068051785E-03
1.1341817175122E+05 -5.4467720910907E-03
1.1341836709461E+05 -2.8530603740364E-03
1.13418562438E+05 -3.6103505408391E-05
1.1341875778139E+05 2.3656277917325E-03
1.1341895312478E+05 -1.0905186645687E-03
1.1341914846817E+05 -4.1319755837321E-03
1.1341934381156E+05 4.8552465159446E-05
1.1341953915495E+05 2.3712641559541E-03
1.1341973449834E+05 7.6644271612167E-03
1.1341992984173E+05 4.1891918517649E-03
1.1342012518512E+05 -6.0276160947978E-03
1.1342032052851E+05 -8.1115523353219E-03
1.134205158719E+05 6.9109746254981E-04
1.1342071121529E+05 6.0145417228341E-03
1.1342090655868E+05 4.0297224186361E-03
1.1342110190207E+05 -4.5243935892358E-04
1.1342129724546E+05 -2.4313656613231E-03
1.1342149258885E+05 2.780050970614E-03
1.1342168793224E+05 1.1389581486583E-03
1.1342188327563E+05 2.7036634273827E-03
1.1342207861902E+05 -7.0896709803492E-04
1.1342227396241E+05 -3.4982468932867E-03
1.134224693058E+05 8.8159600272775E-04
1.134226646492E+05 -3.9550708606839E-04
1.1342285999259E+05 -2.1097804419696E-03
1.1342305533598E+05 -4.75590582937E-03
1.1342325067937E+05 9.7295269370079E-04
1.1342344602276E+05 -2.8709876351058E-03
1.1342364136615E+05 -3.3527440391481E-03
1.1342383670954E+05 -2.1790692117065E-03
1.1342403205293E+05 -4.4685462489724E-03
1.1342422739632E+05 -1.2388470349833E-03
1.1342442273971E+05 -2.2965811658651E-03
1.134246180831E+05 -8.303580689244E-04
1.1342481342649E+05 2.2208604495972E-03
1.1342500876988E+05 5.80960419029E-04
1.1342520411327E+05 2.8752246871591E-03
1.1342539945666E+05 5.2583031356335E-03
1.1342559480005E+05 -1.2817969545722E-03
1.1342579014344E+05 -2.3679323494434E-03
1.1342598548683E+05 -3.899892559275E-03
1.1342618083022E+05 -6.3633308745921E-03
1.1342637617361E+05 -7.0916386321187E-03
1.13426571517E+05 -2.9813211876899E-03
1.1342676686039E+05 -3.758747363463E-03
1.1342696220378E+05 -3.493940923363E-03
1.1342715754717E+05 -5.7427794672549E-03
1.1342735289056E+05 7.3129282100126E-05
1.1342754823395E+05 2.9737059958279E-03
1.1342774357734E+05 -1.9124989630654E-03
1.1342793892073E+05 -1.9027409143746E-03
1.1342813426412E+05 -3.9818128570914E-03
1.1342832960751E+05 -8.9925145730376E-03
1.134285249509E+05 -5.7410299777985E-03
1.1342872029429E+05 1.6153648030013E-03
1.1342891563768E+05 4.3947361409664E-03
1.1342911098107E+05 1.4359510969371E-03
1.1342930632446E+05 4.6480689197779E-03
1.1342950166785E+05 3.1544046942145E-03
1.1342969701124E+05 -4.2780772782862E-03
1.1342989235463E+05 6.3360827043653E-03
1.1343008769802E+05 7.2891432791948E-03
1.1343028304141E+05 -6.7752911709249E-03
1.134304783848E+05 -5.2081188187003E-03
1.1343067372819E+05 7.5749587267637E-03
1.1343086907158E+05 6.6753569990396E-03
1.1343106441497E+05 8.8579216971993E-03
1.1343125975836E+05 6.0979123227298E-03
1.1343145510175E+05 1.5175583539531E-03
1.1343165044514E+05 -3.8453871384263E-03
1.1343184578853E+05 -4.5357244089246E-03
1.1343204113192E+05 -2.9121406842023E-03
1.1343223647531E+05 1.9931944552809E-03
1.134324318187E+05 3.0985379125923E-03
1.1343262716209E+05 -1.0421035112813E-03
1.1343282250548E+05 -4.3693683110178E-03
1.1343301784887E+05 2.3175063543022E-03
1.1343321319226E+05 -6.3087773742154E-04
1.1343340853565E+05 -2.2921110503376E-03
1.1343360387904E+05 -1.0172671172768E-03
1.1343379922243E+05 -4.2672120034695E-03
1.1343399456582E+05 -2.3849241551943E-04
1.1343418990921E+05 6.036588922143E-03
1.134343852526E+05 0.011499186977744
1.1343458059599E+05 6.1991075053811E-03
1.1343477593938E+05 2.2639778908342E-03
1.1343497128277E+05 3.0410785693675E-03
1.1343516662616E+05 -5.45815739315E-04
1.1343536196955E+05 7.1219145320356E-04
1.1343555731294E+05 1.7113768262789E-04
1.1343575265633E+05 3.396118292585E-03
1.1343594799972E+05 4.6066893264651E-03
1.1343614334311E+05 2.6881594676524E-03
1.134363386865E+05 -9.4863789854571E-05
1.1343653402989E+05 -7.8901052474976E-03
1.1343672937328E+05 -2.6321487966925E-03
1.1343692471667E+05 3.4271564800292E-03
1.1343712006006E+05 9.6110545564443E-04
1.1343731540345E+05 -1.3238154351711E-03
1.1343751074684E+05 -3.8045172113925E-03
1.1343770609023E+05 2.3328309180215E-04
1.1343790143362E+05 2.2230686154217E-03
1.1343809677701E+05 6.1628399416804E-03
1.134382921204E+05 3.6312262527645E-03
1.1343848746379E+05 -7.4905471410602E-04
1.1343868280718E+05 5.8246091939509E-03
1.1343887815057E+05 7.1979090571404E-03
1.1343907349396E+05 8.8013531640172E-03
1.1343926883735E+05 5.056893453002E-03
1.1343946418074E+05 -4.3898038566113E-03
1.1343965952413E+05 -4.4420091435313E-03
1.1343985486752E+05 1.1913703056052E-03
1.1344005021091E+05 -2.6295271236449E-03
1.134402455543E+05 -8.1811230629683E-03
1.1344044089769E+05 -3.400299930945E-03
1.1344063624108E+05 1.9025797955692E-03
1.1344083158448E+05 -4.1546868160367E-03
1.1344102692787E+05 -2.3024785332382E-03
1.1344122227126E+05 1.900247996673E-03
1.1344141761465E+05 -1.3533791061491E-03
1.1344161295804E+05 -2.5684151332825E-03
1.1344180830143E+05 -2.542287344113E-03
1.1344200364482E+05 -4.3436242267489E-03
1.1344219898821E+05 -2.1321454551071E-03
1.134423943316E+05 6.2793644610792E-04
1.1344258967499E+05 1.7680055461824E-03
1.1344278501838E+05 -2.5746779283509E-04
1.1344298036177E+05 1.3246246380731E-03
1.1344317570516E+05 -3.8544676499441E-05
1.1344337104855E+05 -2.6604880113155E-03
1.1344356639194E+05 -7.4147974373773E-05
1.1344376173533E+05 6.1153843998909E-03
1.1344395707872E+05 1.4283922500908E-03
1.1344415242211E+05 1.0583606781438E-03
1.134443477655E+05 -1.0051819263026E-03
1.1344454310889E+05 -2.9828436672688E-03
1.1344473845228E+05 -3.7738985847682E-03
1.1344493379567E+05 -5.7692369446158E-03
1.1344512913906E+05 -6.3036368228495E-03
1.1344532448245E+05 -2.3108457680792E-03
1.1344551982584E+05 -2.4355673231184E-03
1.1344571516923E+05 2.6814718730748E-03
1.1344591051262E+05 1.4245357597247E-03
1.1344610585601E+05 -3.0230204574764E-03
1.134463011994E+05 -5.0353268161416E-03
1.1344649654279E+05 -6.0871839523315E-03
1.1344669188618E+05 4.1199554689229E-03
1.1344688722957E+05 -6.9018016802147E-04
1.1344708257296E+05 -7.9268589615822E-03
1.1344727791635E+05 -7.846899330616E-03
1.1344747325974E+05 -6.0647795908153E-03
1.1344766860313E+05 -2.9822841752321E-03
1.1344786394652E+05 -2.3934179916978E-03
1.1344805928991E+05 2.26936256513E-03
1.134482546333E+05 5.1994170062244E-03
1.1344844997669E+05 -5.3579942323267E-04
1.1344864532008E+05 -4.0864630136639E-04
1.1344884066347E+05 -6.5052247373387E-04
1.1344903600686E+05 -2.8798617422581E-03
1.1344923135025E+05 -3.1139124184847E-03
1.1344942669364E+05 2.1065056789666E-03
1.1344962203703E+05 4.3573011644185E-03
1.1344981738042E+05 -3.1239700037986E-03
1.1345001272381E+05 -1.8405574373901E-03
1.134502080672E+05 4.0554432198405E-03
1.1345040341059E+05 4.3707592412829E-03
1.1345059875398E+05 3.9152384852059E-04
1.1345079409737E+05 -1.4930872712284E-03
1.1345098944076E+05 2.55704857409E-03
1.1345118478415E+05 5.1112077198923E-03
1.1345138012754E+05 6.9839144125581E-03
1.1345157547093E+05 6.4616920426488E-03
1.1345177081432E+05 7.3403853457421E-04
1.1345196615771E+05 -2.983761485666E-03
1.134521615011E+05 -5.2422950975597E-03
1.1345235684449E+05 7.365268538706E-05
1.1345255218788E+05 -2.1616304293275E-03
1.1345274753127E+05 -4.0315412916243E-03
1.1345294287466E+05 -3.7903790362179E-03
1.1345313821805E+05 2.9240378644317E-03
1.1345333356144E+05 5.7910946197808E-03
1.1345352890483E+05 -6.3834188040346E-04
1.1345372424822E+05 -3.5099929664284E-04
1.1345391959161E+05 2.4394989013672E-03
1.13454114935E+05 4.6280766837299E-03
1.1345431027839E+05 2.9853309970349E-03
1.1345450562178E+05 1.4582460280508E-03
1.1345470096517E+05 -4.8799924552441E-03
1.1345489630856E+05 -7.6308147981763E-03
1.1345509165195E+05 -5.6398436427116E-03
1.1345528699534E+05 -3.0148378573358E-03
1.1345548233873E+05 4.8412382602692E-03
1.1345567768212E+05 9.7883050329983E-04
1.1345587302551E+05 -3.7493011914194E-03
1.134560683689E+05 -4.4936970807612E-03
1.1345626371229E+05 -8.3274999633431E-03
1.1345645905568E+05 -5.500353872776E-03
1.1345665439907E+05 2.6982864364982E-03
1.1345684974246E+05 -2.8987361583859E-03
1.1345704508585E+05 -1.9653285853565E-03
1.1345724042924E+05 -9.4118306878954E-04
1.1345743577263E+05 -4.3539949692786E-03
1.1345763111602E+05 -3.1963055953383E-03
1.1345782645941E+05 -7.5973919592798E-04
1.134580218028E+05 -8.0443976912647E-04
1.1345821714619E+05 -1.1656512506306E-03
1.1345841248958E+05 2.4260729551315E-03
1.1345860783297E+05 6.9538148818538E-04
1.1345880317636E+05 -3.3913173247129E-03
1.1345899851976E+05 -7.0580593310297E-03
1.1345919386315E+05 -8.5371993482113E-03
1.1345938920654E+05 -3.1861255411059E-03
1.1345958454993E+05 1.857744762674E-03
1.1345977989332E+05 1.0443734936416E-04
1.1345997523671E+05 -2.5626390706748E-03
1.134601705801E+05 -1.0138570796698E-03
1.1346036592349E+05 1.7955675721169E-03
1.1346056126688E+05 -9.1240217443556E-04
1.1346075661027E+05 -7.869784720242E-03
1.1346095195366E+05 -4.8416769132018E-03
1.1346114729705E+05 7.0787506410852E-04
1.1346134264044E+05 2.7019903063774E-04
1.1346153798383E+05 8.9028890943155E-04
1.1346173332722E+05 5.1455600187182E-03
1.1346192867061E+05 1.9668063614517E-03
1.13462124014E+05 1.4896737411618E-03
1.1346231935739E+05 1.0035187005997E-03
1.1346251470078E+05 -5.3094583563507E-05
1.1346271004417E+05 -1.4366928953677E-03
1.1346290538756E+05 -6.3304114155471E-03
1.1346310073095E+05 -4.7978810034692E-03
1.1346329607434E+05 -4.3706800788641E-03
1.1346349141773E+05 2.5430656969547E-03
1.1346368676112E+05 7.5233341194689E-03
1.1346388210451E+05 3.2128295861185E-03
1.134640774479E+05 -2.370293950662E-03
1.1346427279129E+05 -6.9795614108443E-03
1.1346446813468E+05 -4.5992648229003E-03
1.1346466347807E+05 1.5318564837798E-03
1.1346485882146E+05 4.4825454242527E-03
1.1346505416485E+05 -2.1836813539267E-03
1.1346524950824E+05 3.3740894286893E-04
1.1346544485163E+05 -2.7986851055175E-03
1.1346564019502E+05 -7.9656923189759E-03
1.1346583553841E+05 -4.708300344646E-03
1.134660308818E+05 -3.6381289828569E-03
1.1346622622519E+05 -6.8025132641196E-03
1.1346642156858E+05 -6.8892813287675E-03
1.1346661691197E+05 -9.4439985696226E-04
1.1346681225536E+05 2.7711261063814E-03
1.1346700759875E+05 3.5310594830662E-03
1.1346720294214E+05 3.7733023054898E-03
1.1346739828553E+05 1.2833272921853E-04
1.1346759362892E+05 -7.6373964548111E-03
1.1346778897231E+05 -4.1925548575819E-03
1.134679843157E+05 -1.8340771785006E-03
1.1346817965909E+05 -2.5397578720003E-03
1.1346837500248E+05 1.5625666128471E-03
1.1346857034587E+05 -1.1367158731446E-03
1.1346876568926E+05 -4.0079895406961E-03
1.1346896103265E+05 -5.5236518383026E-03
1.1346915637604E+05 -3.0347697902471E-03
1.1346935171943E+05 -3.2661517616361E-03
1.1346954706282E+05 3.4196118940599E-04
1.1346974240621E+05 6.1275865882635E-03
1.134699377496E+05 3.7341490387917E-03
1.1347013309299E+05 -3.4577266778797E-03
1.1347032843638E+05 -5.2815722301602E-03
1.1347052377977E+05 -3.7040265742689E-03
1.1347071912316E+05 -3.4100543707609E-03
1.1347091446655E+05 -3.5675740800798E-03
1.1347110980994E+05 -1.658612745814E-04
1.1347130515333E+05 -3.6077381810173E-04
1.1347150049672E+05 -4.7878525219858E-03
1.1347169584011E+05 -4.5349765568972E-03
1.134718911835E+05 -4.3580550700426E-03
1.1347208652689E+05 -3.7645464763045E-03
1.1347228187028E+05 -5.1946886815131E-03
1.1347247721367E+05 -9.6127176657319E-03
1.1347267255706E+05 -9.9925436079502E-03
1.1347286790045E+05 -8.0240936949849E-03
1.1347306324384E+05 -2.1235742606223E-03
1.1347325858723E+05 -1.442500972189E-03
1.1347345393062E+05 -2.1755148191005E-03
1.1347364927401E+05 -1.4977914979681E-03
1.134738446174E+05 -5.949197220616E-04
1.1347403996079E+05 -6.1901222215965E-04
1.1347423530418E+05 5.1862618420273E-04
1.1347443064757E+05 -1.4908739831299E-04
1.1347462599096E+05 -4.3117157183588E-03
1.1347482133435E+05 -3.4996215254068E-03
1.1347501667774E+05 -4.9289353191853E-03
1.1347521202113E+05 -3.7998578045517E-03
1.1347540736452E+05 1.2804850703105E-03
1.1347560270791E+05 5.313252331689E-04
1.134757980513E+05 -4.2244717478752E-03
1.1347599339469E+05 -3.5570950713009E-03
1.1347618873808E+05 2.4751762393862E-03
1.1347638408147E+05 1.1427643476054E-03
1.1347657942486E+05 -2.7963807806373E-03
1.1347677476825E+05 -4.4410168193281E-03
1.1347697011164E+05 -9.3420589109883E-04
1.1347716545503E+05 -3.9568329229951E-03
1.1347736079843E+05 -6.7772720940411E-03
1.1347755614182E+05 3.0144164338708E-03
1.1347775148521E+05 -3.795797470957E-03
1.134779468286E+05 -2.8439541347325E-03
1.1347814217199E+05 4.6110264956951E-03
1.1347833751538E+05 4.1195577941835E-03
1.1347853285877E+05 3.8782833144069E-03
1.1347872820216E+05 -1.4448578003794E-03
1.1347892354555E+05 -4.271503072232E-03
1.1347911888894E+05 -2.6600300334394E-03
1.1347931423233E+05 -2.905507106334E-03
1.1347950957572E+05 -9.1240964829922E-03
1.1347970491911E+05 -3.8247928023338E-03
1.134799002625E+05 7.5601027347147E-03
1.1348009560589E+05 3.5689109936357E-03
1.1348029094928E+05 4.9413777887821E-03
1.1348048629267E+05 1.8502915045246E-03
1.1348068163606E+05 -6.0588179621845E-04
1.1348087697945E+05 2.4578217417002E-03
1.1348107232284E+05 4.7944965772331E-03
1.1348126766623E+05 -8.0834899563342E-05
1.1348146300962E+05 -3.4216907806695E-03
1.1348165835301E+05 -2.1817858796567E-03
1.134818536964E+05 -7.4120156932622E-04
1.1348204903979E+05 2.3685221094638E-04
1.1348224438318E+05 8.963325060904E-03
1.1348243972657E+05 2.8287111781538E-03
1.1348263506996E+05 -3.9531178772449E-03
1.1348283041335E+05 -1.1840939987451E-03
1.1348302575674E+05 3.0611655674875E-03
1.1348322110013E+05 0.010244179517031
1.1348341644352E+05 9.8201800137758E-03
1.1348361178691E+05 6.813214160502E-03
1.134838071303E+05 -4.5266780070961E-03
1.1348400247369E+05 -6.1121890321374E-03
1.1348419781708E+05 8.6782881990075E-03
1.1348439316047E+05 8.3758803084493E-03
1.1348458850386E+05 -3.7416676059365E-03
1.1348478384725E+05 3.0179223977029E-03
1.1348497919064E+05 9.8658734932542E-03
1.1348517453403E+05 3.3423155546188E-03
1.1348536987742E+05 -1.6667763702571E-03
1.1348556522081E+05 -1.0104160173796E-04
1.134857605642E+05 1.2276875786483E-03
1.1348595590759E+05 6.1764097772539E-03
1.1348615125098E+05 4.1129239834845E-03
1.1348634659437E+05 3.7090897094458E-03
1.1348654193776E+05 6.456627510488E-03
1.1348673728115E+05 0.012958818115294
1.1348693262454E+05 0.043014720082283
1.1348712796793E+05 0.11851219087839
1.1348732331132E+05 0.22353562712669
1.1348751865471E+05 0.33107727766037
1.134877139981E+05 0.41863086819649
1.1348790934149E+05 0.42000022530556
1.1348810468488E+05 0.34653857350349
1.1348830002827E+05 0.28683859109879
1.1348849537166E+05 0.25845155119896
1.1348869071505E+05 0.20535254478455
1.1348888605844E+05 0.12303204089403
1.1348908140183E+05 0.062832355499268
1.1348927674522E+05 0.040528148412704
1.1348947208861E+05 0.042702786624432
1.13489667432E+05 0.079428113996983
1.1348986277539E+05 0.16761866211891
1.1349005811878E+05 0.30780312418938
1.1349025346217E+05 0.4694404900074
1.1349044880556E+05 0.68748128414154
1.1349064414895E+05 0.89503002166748
1.1349083949234E+05 0.89283013343811
1.1349103483573E+05 0.76663440465927
1.1349123017912E+05 0.68018847703934
1.1349142552251E+05 0.58514970541
1.134916208659E+05 0.41379511356354
1.1349181620929E+05 0.22112177312374
1.1349201155268E+05 0.10343781858683
1.1349220689607E+05 0.052398476749659
1.1349240223946E+05 0.026919120922685
1.1349259758285E+05 0.015211998485029
1.1349279292624E+05 0.014742690138519
1.1349298826963E+05 0.012777824886143
1.1349318361302E+05 8.0497702583671E-03
1.1349337895641E+05 6.7116520367563E-03
1.134935742998E+05 5.8120400644839E-03
1.1349376964319E+05 2.3777012247592E-03
1.1349396498658E+05 -1.8748672446236E-03
1.1349416032997E+05 -1.886224723421E-03
1.1349435567336E+05 -7.4596400372684E-04
1.1349455101675E+05 -4.6113985590637E-03
1.1349474636014E+05 3.5673142410815E-03
1.1349494170353E+05 5.6289415806532E-03
1.1349513704692E+05 -7.4582248926163E-03
1.1349533239031E+05 -8.0798519775271E-03
1.1349552773371E+05 -8.4845824167132E-03
1.134957230771E+05 1.9363260362297E-03
1.1349591842049E+05 6.6681359894574E-03
1.1349611376388E+05 7.2869956493378E-03
1.1349630910727E+05 5.9855002909899E-03
1.1349650445066E+05 6.5093711018562E-03
1.1349669979405E+05 7.3528606444597E-03
1.1349689513744E+05 7.1746674366295E-03
1.1349709048083E+05 4.3164948001504E-03
1.1349728582422E+05 2.89870146662E-03
1.1349748116761E+05 5.9876423329115E-03
1.13497676511E+05 1.4333188300952E-03
1.1349787185439E+05 -3.984703682363E-03
1.1349806719778E+05 2.9020486399531E-03
1.1349826254117E+05 0.012127136811614
1.1349845788456E+05 0.034260924905539
1.1349865322795E+05 0.088187642395496
1.1349884857134E+05 0.16732251644135
1.1349904391473E+05 0.25483253598213
1.1349923925812E+05 0.32204005122185
1.1349943460151E+05 0.30813521146774
1.134996299449E+05 0.24541708827019
1.1349982528829E+05 0.20913851261139
1.1350002063168E+05 0.18265600502491
1.1350021597507E+05 0.13501597940922
1.1350041131846E+05 0.073093809187412
1.1350060666185E+05 0.038169115781784
1.1350080200524E+05 0.019084038212895
1.1350099734863E+05 0.012931262142956
1.1350119269202E+05 8.624292910099E-03
1.1350138803541E+05 -4.6751258196309E-04
1.135015833788E+05 -3.1254745554179E-03
1.1350177872219E+05 -2.7464821469039E-03
1.1350197406558E+05 -9.1339868959039E-05
1.1350216940897E+05 -2.0898580551147E-03
1.1350236475236E+05 7.250810158439E-04
1.1350256009575E+05 2.9272655956447E-03
1.1350275543914E+05 2.0803287625313E-03
1.1350295078253E+05 2.647255314514E-03
1.1350314612592E+05 6.082238163799E-03
1.1350334146931E+05 6.8612177856266E-03
1.135035368127E+05 1.0655701626092E-03
1.1350373215609E+05 -2.9138333629817E-03
1.1350392749948E+05 -1.2896640691906E-03
1.1350412284287E+05 -3.2117255032063E-03
1.1350431818626E+05 -5.1234480924904E-03
1.1350451352965E+05 6.4208055846393E-05
1.1350470887304E+05 4.2945160530508E-03
1.1350490421643E+05 9.510992676951E-04
1.1350509955982E+05 3.1582342926413E-03
1.1350529490321E+05 1.9558325875551E-03
1.135054902466E+05 -9.0720294974744E-04
1.1350568558999E+05 3.0950440559536E-03
1.1350588093338E+05 8.9444610057399E-04
1.1350607627677E+05 -5.1077422685921E-03
1.1350627162016E+05 -5.0230552442372E-03
1.1350646696355E+05 -5.0664385780692E-03
1.1350666230694E+05 2.6729779783636E-03
1.1350685765033E+05 2.8867311775684E-03
1.1350705299372E+05 4.3810810893774E-04
1.1350724833711E+05 2.6879229117185E-03
1.135074436805E+05 9.8289847373962E-03
1.1350763902389E+05 0.027032213285565
1.1350783436728E+05 0.076805964112282
1.1350802971067E+05 0.16050747036934
1.1350822505406E+05 0.25435626506805
1.1350842039745E+05 0.33565163612366
1.1350861574084E+05 0.36119499802589
1.1350881108423E+05 0.30283543467522
1.1350900642762E+05 0.24580618739128
1.1350920177101E+05 0.22189669311047
1.135093971144E+05 0.18720522522926
1.1350959245779E+05 0.12009585648775
1.1350978780118E+05 0.056890331208706
1.1350998314457E+05 0.026189317926764
1.1351017848796E+05 0.016166463494301
1.1351037383135E+05 8.9017376303673E-03
1.1351056917474E+05 3.3966421615332E-03
1.1351076451813E+05 -1.5376764349639E-03
1.1351095986152E+05 3.0018063262105E-03
1.1351115520491E+05 5.5725052952766E-03
1.135113505483E+05 -1.1422828538343E-03
1.1351154589169E+05 -7.2327652014792E-03
1.1351174123508E+05 -4.7868627007119E-04
1.1351193657847E+05 2.9045082628727E-03
1.1351213192186E+05 1.6637700609863E-03
1.1351232726525E+05 1.8377122469246E-03
1.1351252260864E+05 -4.7621191479266E-03
1.1351271795203E+05 -1.5384946018457E-03
1.1351291329542E+05 3.4088050015271E-03
1.1351310863881E+05 -2.4994404520839E-03
1.135133039822E+05 -6.4348517917097E-03
1.1351349932559E+05 -2.0638850983232E-03
1.1351369466899E+05 -1.3656857190654E-03
1.1351389001238E+05 1.7635975964367E-03
1.1351408535577E+05 7.6274765888229E-05
1.1351428069916E+05 -7.6959561556578E-03
1.1351447604255E+05 -3.1643090769649E-03
1.1351467138594E+05 1.1861704988405E-03
1.1351486672933E+05 -3.5166344605386E-03
1.1351506207272E+05 -2.822405891493E-03
1.1351525741611E+05 3.9731684955768E-04
1.135154527595E+05 4.5012167538516E-04
1.1351564810289E+05 1.6047982499003E-03
1.1351584344628E+05 2.6375644374639E-03
1.1351603878967E+05 -4.1231056675315E-03
1.1351623413306E+05 -7.8593781217933E-03
1.1351642947645E+05 -6.1837015673518E-03
1.1351662481984E+05 -1.7137298127636E-03
1.1351682016323E+05 -1.6686410526745E-04
1.1351701550662E+05 2.5479854084551E-03
1.1351721085001E+05 1.4781779609621E-03
1.135174061934E+05 -2.8655352070928E-03
1.1351760153679E+05 -4.353214520961E-03
1.1351779688018E+05 3.8703535683453E-03
1.1351799222357E+05 -1.5733010368422E-03
1.1351818756696E+05 -5.8723846450448E-03
1.1351838291035E+05 2.1016227547079E-03
1.1351857825374E+05 1.0915632592514E-03
1.1351877359713E+05 -7.6792383333668E-04
1.1351896894052E+05 1.3775129336864E-03
1.1351916428391E+05 6.2176808714867E-03
1.135193596273E+05 0.013423882424831
1.1351955497069E+05 0.032028611749411
1.1351975031408E+05 0.052773479372263
1.1351994565747E+05 0.064180992543697
1.1352014100086E+05 0.06419637799263
1.1352033634425E+05 0.046473510563374
1.1352053168764E+05 0.037204191088676
1.1352072703103E+05 0.028493236750364
1.1352092237442E+05 0.021686688065529
1.1352111771781E+05 0.016491888090968
1.135213130612E+05 5.8264648541808E-03
1.1352150840459E+05 5.4259663447738E-03
1.1352170374798E+05 2.9601827263832E-03
1.1352189909137E+05 -1.8188882386312E-03
1.1352209443476E+05 -2.5507241953164E-03
1.1352228977815E+05 -1.1753139551729E-03
1.1352248512154E+05 4.7138379886746E-03
1.1352268046493E+05 4.7978144139051E-03
1.1352287580832E+05 1.0390768293291E-03
1.1352307115171E+05 -4.4662086293101E-03
1.135232664951E+05 -5.526090040803E-03
1.1352346183849E+05 6.1289058066905E-04
1.1352365718188E+05 3.4746169112623E-03
1.1352385252527E+05 1.3042265782133E-03
1.1352404786866E+05 2.9705469496548E-03
1.1352424321205E+05 2.2830066736788E-03
1.1352443855544E+05 -2.3722925106995E-04
1.1352463389883E+05 -3.7352896761149E-03
1.1352482924222E+05 -9.4055430963635E-04
1.1352502458561E+05 3.6010888870806E-03
1.13525219929E+05 -1.8967079231516E-03
1.1352541527239E+05 -2.449098508805E-03
1.1352561061578E+05 1.6903253272176E-03
1.1352580595917E+05 1.271954504773E-03
1.1352600130256E+05 4.3578911572695E-03
1.1352619664595E+05 5.3734555840492E-03
1.1352639198934E+05 1.1757103493437E-03
1.1352658733273E+05 4.2831962928176E-03
1.1352678267612E+05 6.1277877539396E-03
1.1352697801951E+05 7.6881553977728E-03
1.135271733629E+05 5.4825493134558E-03
1.1352736870629E+05 6.5214028581977E-03
1.1352756404968E+05 2.6189074851573E-03
1.1352775939307E+05 1.9774821121246E-03
1.1352795473646E+05 2.1561807952821E-03
1.1352815007985E+05 9.8373997025192E-04
1.1352834542324E+05 2.3847292177379E-03
1.1352854076663E+05 6.1585416551679E-04
1.1352873611002E+05 2.1440074779093E-03
1.1352893145341E+05 -2.5538965128362E-03
1.135291267968E+05 1.12660380546E-03
1.1352932214019E+05 -3.4543382935226E-04
1.1352951748358E+05 1.3762097805738E-03
1.1352971282697E+05 7.2747031226754E-03
1.1352990817036E+05 3.1609470024705E-03
1.1353010351375E+05 -2.032361458987E-03
1.1353029885714E+05 -3.5956038627774E-03
1.1353049420053E+05 1.5756911598146E-03
1.1353068954392E+05 -7.3220563353971E-04
1.1353088488731E+05 7.003250066191E-04
1.135310802307E+05 4.0579694323242E-03
1.1353127557409E+05 1.9243466667831E-03
1.1353147091748E+05 -1.5439303824678E-03
1.1353166626087E+05 -5.062866024673E-03
1.1353186160426E+05 -2.4331617169082E-03
1.1353205694766E+05 -1.5230622375384E-03
1.1353225229105E+05 3.1559140188619E-04
1.1353244763444E+05 -3.5323936026543E-04
1.1353264297783E+05 -1.1204816401005E-03
1.1353283832122E+05 2.5198813527822E-03
1.1353303366461E+05 1.4851114246994E-03
1.13533229008E+05 4.9488358199596E-03
1.1353342435139E+05 6.8345805630088E-03
1.1353361969478E+05 2.1842934656888E-03
1.1353381503817E+05 -3.5482953535393E-04
1.1353401038156E+05 -1.1473461054265E-03
1.1353420572495E+05 2.2419246379286E-03
1.1353440106834E+05 2.7865120209754E-03
1.1353459641173E+05 2.5570900179446E-03
1.1353479175512E+05 3.1969777774066E-03
1.1353498709851E+05 1.2093017576262E-03
1.135351824419E+05 1.9051032140851E-03
1.1353537778529E+05 -1.4358074404299E-03
1.1353557312868E+05 -3.5712027456611E-03
1.1353576847207E+05 -2.3631856311113E-03
1.1353596381546E+05 -2.8998802881688E-03
1.1353615915885E+05 1.1560280108824E-03
1.1353635450224E+05 2.409084700048E-03
1.1353654984563E+05 -3.8762968033552E-03
1.1353674518902E+05 -5.399196408689E-03
1.1353694053241E+05 1.1296489974484E-03
1.135371358758E+05 2.0264678169042E-03
1.1353733121919E+05 2.8437864966691E-03
1.1353752656258E+05 4.3891444802284E-03
1.1353772190597E+05 1.4487814623863E-03
1.1353791724936E+05 -3.9285067468882E-03
1.1353811259275E+05 -3.1605621334165E-03
1.1353830793614E+05 -3.2521972898394E-03
1.1353850327953E+05 -4.6933703124523E-03
1.1353869862292E+05 -1.4826932456344E-03
1.1353889396631E+05 2.2895829752088E-03
1.135390893097E+05 3.0846751760691E-03
1.1353928465309E+05 3.4738448448479E-03
1.1353947999648E+05 -6.2079780036584E-04
1.1353967533987E+05 -2.7179908938706E-03
1.1353987068326E+05 -1.7654867842793E-03
1.1354006602665E+05 2.2446657530963E-03
1.1354026137004E+05 2.6332004927099E-03
1.1354045671343E+05 3.9653130806983E-03
1.1354065205682E+05 2.905648900196E-03
1.1354084740021E+05 6.7537780851126E-03
1.135410427436E+05 2.1628201939166E-03
1.1354123808699E+05 -1.5935405390337E-03
1.1354143343038E+05 -3.0904405284673E-03
1.1354162877377E+05 -2.8602201491594E-03
1.1354182411716E+05 2.4540378944948E-04
1.1354201946055E+05 6.8975146859884E-04
1.1354221480394E+05 8.9970888802782E-04
1.1354241014733E+05 8.632448152639E-04
1.1354260549072E+05 -1.7828370910138E-03
1.1354280083411E+05 1.9378699362278E-03
1.135429961775E+05 6.6639091819525E-03
1.1354319152089E+05 1.5234688762575E-03
1.1354338686428E+05 2.3425600957125E-03
1.1354358220767E+05 3.7806686013937E-03
1.1354377755106E+05 8.0661405809224E-04
1.1354397289445E+05 1.4928907621652E-03
1.1354416823784E+05 5.3600985556841E-03
1.1354436358123E+05 3.0158262234181E-03
1.1354455892462E+05 -5.5922090541571E-04
1.1354475426801E+05 3.6280550993979E-03
1.135449496114E+05 4.901431966573E-03
1.1354514495479E+05 5.2406415343285E-03
1.1354534029818E+05 3.9391098544002E-03
1.1354553564157E+05 -6.3080486143008E-04
1.1354573098496E+05 -9.2437723651528E-03
1.1354592632835E+05 -1.9339059945196E-03
1.1354612167174E+05 2.1120943129063E-03
1.1354631701513E+05 -5.3750700317323E-03
1.1354651235852E+05 -4.5070997439325E-03
1.1354670770191E+05 -2.3255092091858E-03
1.135469030453E+05 -4.0174908936024E-03
1.1354709838869E+05 -2.1653040312231E-03
1.1354729373208E+05 3.682179376483E-04
1.1354748907547E+05 -1.1847751447931E-03
1.1354768441886E+05 -3.135031554848E-03
1.1354787976225E+05 -1.0364687768742E-03
1.1354807510564E+05 -5.3912764415145E-03
1.1354827044903E+05 -4.3550315313041E-03
1.1354846579242E+05 -2.6680456940085E-03
1.1354866113581E+05 4.5942291617393E-03
