644.5377797008 -8.3075271686539E-04
644.02099982324 1.0886748787016E-03
643.50421994569 -1.9814530387521E-03
642.98744006813 4.04749577865E-03
642.47066019057 8.9572538854554E-04
641.95388031302 -4.6529774554074E-03
641.43710043546 -6.8146004341543E-03
640.9203205579 -5.5385725572705E-03
640.40354068035 -2.7173012495041E-04
639.88676080279 -2.2428592201322E-03
639.36998092523 -3.8928480353206E-04
638.85320104768 5.7446741266176E-05
638.33642117012 -2.1529027726501E-03
637.81964129256 1.8005258170888E-03
637.30286141501 3.8449745625257E-03
636.78608153745 -9.4038370298222E-04
636.26930165989 -3.6935810931027E-03
635.75252178233 7.1926009841263E-03
635.23574190478 3.9000851102173E-03
634.71896202722 -6.6107674501836E-03
634.20218214966 -5.1632896065712E-03
633.68540227211 -3.6039587575942E-03
633.16862239455 -1.7781901988201E-05
632.65184251699 4.3204668909311E-03
632.13506263944 6.493866443634E-03
631.61828276188 7.375564891845E-03
631.10150288432 5.5607040412724E-03
630.58472300677 9.2368165496737E-04
630.06794312921 1.0427921079099E-03
629.55116325165 -5.3233816288412E-03
629.0343833741 -5.387737415731E-03
628.51760349654 1.4787816908211E-03
628.00082361898 1.7445377307013E-03
627.48404374143 -8.8669208344072E-04
626.96726386387 -5.4724205983803E-04
626.45048398631 1.2019149726257E-03
625.93370410876 7.1648682933301E-04
625.4169242312 -2.8895859140903E-03
624.90014435364 -4.9485540948808E-03
624.38336447609 -1.7691176617518E-03
623.86658459853 1.7988752806559E-03
623.34980472097 3.8295958656818E-03
622.83302484342 -1.4408930437639E-03
622.31624496586 -7.5471075251698E-04
621.7994650883 -8.2906059105881E-05
621.28268521075 -2.8176386840641E-03
620.76590533319 -5.7476852089167E-03
620.24912545563 -4.5652673579752E-03
619.73234557808 1.5869821654633E-03
619.21556570052 4.7520422376692E-03
618.69878582296 1.5908221248537E-03
618.18200594541 -2.031035721302E-03
617.66522606785 -5.481839645654E-03
617.14844619029 -1.8963636830449E-03
616.63166631274 1.0847367811948E-03
616.11488643518 1.9041256746277E-03
615.59810655762 -1.2648787815124E-03
615.08132668006 -4.9656848423183E-03
614.56454680251 -6.2337308190763E-03
614.04776692495 -5.7389233261347E-03
613.53098704739 -5.6674643419683E-03
613.01420716984 1.1357042239979E-04
612.49742729228 8.657599799335E-03
611.98064741472 9.917700663209E-03
611.46386753717 2.9750403482467E-03
610.94708765961 1.1645342456177E-03
610.43030778205 -1.7463254043832E-03
609.9135279045 -3.9116577245295E-03
609.39674802694 -4.7906711697578E-03
608.87996814938 -1.7715115100145E-03
608.36318827183 -2.9715860728174E-04
607.84640839427 -2.1532627288252E-03
607.32962851671 -7.9425153671764E-05
606.81284863916 3.016080299858E-04
606.2960687616 3.0719005735591E-05
605.77928888404 -1.7687896033749E-03
605.26250900649 -8.587384596467E-03
604.74572912893 -6.8239849060774E-03
604.22894925137 -3.8210730999708E-03
603.71216937382 -4.7382066259161E-04
603.19538949626 -2.2368979989551E-04
602.6786096187 -1.0299322893843E-03
602.16182974115 2.3890607990324E-03
601.64504986359 -2.2216918878257E-03
601.12826998603 -8.1990463659167E-03
600.61149010848 -7.4521321803331E-03
600.09471023092 -3.0301637016237E-03
599.57793035336 -1.8065937329084E-03
599.06115047581 -8.670684765093E-04
598.54437059825 6.704003084451E-03
598.02759072069 3.4818584099412E-03
597.51081084314 4.8458389937878E-04
596.99403096558 6.3626659102738E-03
596.47725108802 9.6351392567158E-03
595.96047121047 2.9581454582512E-03
595.44369133291 5.8990358375013E-03
594.92691145535 8.0670611932874E-03
594.41013157779 5.0863814540207E-03
593.89335170024 9.6830809488893E-03
593.37657182268 6.2182988040149E-03
592.85979194512 -8.4061117377132E-04
592.34301206757 -1.0085080284625E-03
591.82623219001 3.641959046945E-04
591.30945231245 8.7510689627379E-04
590.7926724349 4.3405313044786E-03
590.27589255734 1.1321502970532E-03
589.75911267978 -6.1915628612041E-04
589.24233280223 7.280491408892E-04
588.72555292467 -1.0182856349275E-03
588.20877304711 2.1911498624831E-03
587.69199316956 5.8704856783152E-03
587.175213292 3.3887671306729E-03
586.65843341444 -1.3938025804237E-03
586.14165353689 -4.3351948261261E-03
585.62487365933 2.2303578443825E-03
585.10809378177 7.1611786261201E-03
584.59131390422 7.4554164893925E-03
584.07453402666 2.408348955214E-03
583.5577541491 6.4735271735117E-05
583.04097427155 1.4945477014408E-03
582.52419439399 1.3646838488057E-04
582.00741451643 -2.9129581525922E-03
581.49063463888 -3.2404116354883E-03
580.97385476132 -6.1377242673188E-04
580.45707488376 2.316017402336E-03
579.94029500621 4.560150206089E-03
579.42351512865 -1.2794467620552E-03
578.90673525109 -6.2321019358933E-03
578.38995537354 -2.16553080827E-03
577.87317549598 -9.7084627486765E-04
577.35639561842 -1.6433950513601E-03
576.83961574087 8.0630425363779E-03
576.32283586331 5.4397070780396E-03
575.80605598575 -1.5045623295009E-03
575.2892761082 -2.22574439249E-04
574.77249623064 2.803975250572E-03
574.25571635308 3.9964630268514E-03
573.73893647552 3.5247548948973E-03
573.22215659797 8.4425853565335E-03
572.70537672041 0.020830286666751
572.18859684285 0.049132902175188
571.6718169653 0.074583068490028
571.15503708774 0.086288116872311
570.63825721018 0.068839959800243
570.12147733263 0.051686558872461
569.60469745507 0.046984799206257
569.08791757751 0.03603944927454
568.57113769996 0.022980915382504
568.0543578224 0.011847861111164
567.53757794484 2.2803118918091E-03
567.02079806729 1.5007986221462E-03
566.50401818973 2.0940331742167E-03
565.98723831217 2.5923363864422E-03
565.47045843462 4.8527074977756E-03
564.95367855706 3.5448931157589E-03
564.4368986795 -5.8334656059742E-03
563.92011880195 -7.0319077931345E-03
563.40333892439 -2.1013704827055E-04
562.88655904683 -9.4079319387674E-04
562.36977916928 -2.877060091123E-03
561.85299929172 -9.9970330484211E-04
561.33621941416 1.3904981315136E-03
560.81943953661 2.7801983524114E-03
560.30265965905 3.1778935808688E-03
559.78587978149 5.0537684001029E-04
559.26909990394 -2.2194304619916E-04
558.75232002638 5.9771058149636E-03
558.23554014882 0.011892855167389
557.71876027127 4.8818574286997E-03
557.20198039371 -1.0098267812282E-03
556.68520051615 2.6231734082103E-03
556.1684206386 3.0625418294221E-03
555.65164076104 8.7481050286442E-04
555.13486088348 -8.3323020953685E-04
554.61808100593 -2.8913095593452E-03
554.10130112837 -1.2500650482252E-03
553.58452125081 -3.065227996558E-03
553.06774137325 -1.1330698616803E-03
552.5509614957 -2.9732033726759E-04
552.03418161814 -1.2800027616322E-03
551.51740174058 -1.2769582681358E-03
551.00062186303 -2.8119164053351E-03
550.48384198547 3.4207713324577E-03
549.96706210791 6.1335959471762E-03
549.45028223036 -2.0207657944411E-03
548.9335023528 -3.8524563424289E-03
548.41672247524 -1.7856173217297E-03
547.89994259769 -9.9661818239838E-04
547.38316272013 -1.1163359740749E-03
546.86638284257 2.4064755998552E-03
546.34960296502 5.6252088397741E-03
545.83282308746 1.0100561194122E-03
545.3160432099 3.7111558485776E-03
544.79926333235 5.5931955575943E-03
544.28248345479 2.184163313359E-03
543.76570357723 -3.5075354389846E-03
543.24892369968 -2.1159737370908E-03
542.73214382212 -4.195096436888E-03
542.21536394456 -6.3870660960674E-03
541.69858406701 -1.48851191625E-03
541.18180418945 -2.1133662667125E-03
540.66502431189 -8.7289867224172E-04
540.14824443434 -6.5767916385084E-04
539.63146455678 -6.8261125124991E-04
539.11468467922 -3.0043912120163E-03
538.59790480167 -3.3065441530198E-03
538.08112492411 -1.2123975902796E-03
537.56434504655 -6.5275421366096E-03
537.047565169 -6.1353417113423E-03
536.53078529144 3.7618256174028E-03
536.01400541388 6.7232782021165E-03
535.49722553633 -1.0268610203639E-03
534.98044565877 8.8754395255819E-04
534.46366578121 1.8708156421781E-03
533.94688590366 -2.3775978479534E-04
533.4301060261 1.6534174792469E-03
532.91332614854 1.2781741097569E-03
532.39654627099 -2.3129378678277E-04
531.87976639343 7.9714140156284E-04
531.36298651587 1.4175230171531E-03
530.84620663831 -4.7816932201385E-03
530.32942676076 -2.6372240390629E-03
529.8126468832 -3.077675588429E-03
529.29586700564 6.2513118609786E-03
528.77908712809 9.6767526119947E-03
528.26230725053 2.6286689098924E-03
527.74552737297 6.5765780163929E-04
527.22874749542 1.2051765806973E-03
526.71196761786 3.8475904148072E-03
526.1951877403 4.8893480561674E-03
525.67840786275 3.496489720419E-03
525.16162798519 3.8125449791551E-03
524.64484810763 -2.9944472480565E-03
524.12806823008 -5.8630960993469E-03
523.61128835252 -2.3310661781579E-03
523.09450847496 1.5335786156356E-03
522.57772859741 1.4021771494299E-04
522.06094871985 -2.8232675977051E-03
521.54416884229 -1.0230096522719E-03
521.02738896474 4.0492150001228E-03
520.51060908718 2.2851016838104E-03
519.99382920962 1.7433174070902E-04
519.47704933207 8.9573403820395E-03
518.96026945451 0.016079189255834
518.44348957695 0.036869317293167
517.9267096994 0.09277731180191
517.40992982184 0.18984617292881
516.89314994428 0.30193418264389
516.37637006673 0.39375156164169
515.85959018917 0.39934405684471
515.34281031161 0.3321076631546
514.82603043406 0.27370896935463
514.3092505565 0.23617412149906
513.79247067894 0.1893066316843
513.27569080139 0.11700088530779
512.75891092383 0.05821393802762
512.24213104627 0.028015783056617
511.72535116871 0.013883572071791
511.20857129116 9.6119418740273E-03
510.6917914136 2.6895478367805E-03
510.17501153604 2.7031814679503E-03
509.65823165849 9.7021954134107E-03
509.14145178093 5.8102342300117E-03
508.62467190337 2.4718111380935E-03
508.10789202582 -1.5630360576324E-04
507.59111214826 -2.8801944572479E-03
507.0743322707 -4.2699943878688E-04
506.55755239315 4.6638984349556E-04
506.04077251559 -2.8460114262998E-03
505.52399263803 2.134854439646E-03
505.00721276048 5.2121556364E-03
504.49043288292 4.0669185109437E-03
503.97365300536 3.0701789073646E-03
503.45687312781 2.0407186821103E-03
502.94009325025 1.9984673708677E-03
502.42331337269 4.3272654875182E-04
501.90653349514 -2.2139362990856E-03
501.38975361758 -9.9071441218257E-04
500.87297374002 8.9151004794985E-04
500.35619386247 3.1052415724844E-03
499.83941398491 3.3982403110713E-03
499.32263410735 1.3084040256217E-04
498.8058542298 -2.077630488202E-03
498.28907435224 2.0744025241584E-03
497.77229447468 2.2871694527566E-03
497.25551459713 2.3155966773629E-03
496.73873471957 7.3122563771904E-03
496.22195484201 -6.3209282234311E-04
495.70517496446 2.4531094823033E-05
495.1883950869 2.9962442349643E-03
494.67161520934 -3.4323360305279E-03
494.15483533179 -1.0977343190461E-03
493.63805545423 9.1466270387173E-03
493.12127557667 9.8665314726532E-04
492.60449569912 -6.1145834624767E-03
492.08771582156 -3.7537245079875E-03
491.570935944 1.4330255798995E-03
491.05415606644 1.0797422146425E-03
490.53737618889 -1.3883544597775E-03
490.02059631133 -7.3471642099321E-04
489.50381643377 5.2513455739245E-04
488.98703655622 -3.1987158581614E-03
488.47025667866 -1.4559696428478E-03
487.9534768011 6.1053002718836E-04
487.43669692355 2.3191263899207E-03
486.91991704599 -5.5543403141201E-04
486.40313716843 5.5625691311434E-04
485.88635729088 3.5210947971791E-03
485.36957741332 -9.4737490871921E-04
484.85279753576 -5.7846265845001E-03
484.33601765821 -8.8459318503737E-03
483.81923778065 -4.2380206286907E-03
483.30245790309 1.4919493114576E-03
482.78567802554 5.3229194600135E-04
482.26889814798 -1.3148756697774E-03
481.75211827042 2.4843588471413E-03
481.23533839287 -1.4364463277161E-04
480.71855851531 1.0094851022586E-03
480.20177863775 -2.8862305916846E-03
479.6849987602 -9.026363492012E-03
479.16821888264 -7.2395815514028E-03
478.65143900508 -6.4330007880926E-03
478.13465912753 -1.3761288719252E-03
477.61787924997 2.4749181466177E-04
477.10109937241 3.8854407612234E-03
476.58431949486 2.5664072018117E-03
476.0675396173 1.0608986485749E-03
475.55075973974 -3.1607452547178E-04
475.03397986219 1.1418990325183E-03
474.51719998463 -6.587051320821E-04
474.00042010707 -4.8127869376913E-04
473.48364022952 -1.5825683949515E-03
472.96686035196 -5.1295375451446E-03
472.4500804744 -4.5005436986685E-03
471.93330059685 -4.6955728903413E-03
471.41652071929 -8.5130706429482E-04
470.89974084173 5.1804957911372E-03
470.38296096417 6.5096939215437E-04
469.86618108662 5.7708646636456E-04
469.34940120906 1.6138978535309E-03
468.8326213315 4.1632000356913E-03
468.31584145395 -1.9332662923262E-03
467.79906157639 -4.4621843844652E-03
467.28228169883 -1.9086911343038E-03
466.76550182128 -3.8950447924435E-03
466.24872194372 -3.912765532732E-03
465.73194206616 -6.3822567462921E-03
465.21516218861 -3.8613954093307E-03
464.69838231105 -2.3839781060815E-03
464.18160243349 -2.0526596345007E-03
463.66482255594 3.0015821103007E-03
463.14804267838 5.3016687743366E-03
462.63126280082 4.41859010607E-03
462.11448292327 4.0712030604482E-03
461.59770304571 -2.3209128994495E-03
461.08092316815 -2.0404327660799E-03
460.5641432906 5.868979729712E-03
460.04736341304 2.0093931816518E-03
459.53058353548 -9.6399988979101E-04
459.01380365793 -2.9826691024937E-04
458.49702378037 -2.0439368672669E-03
457.98024390281 -3.7272111512721E-06
457.46346402526 -2.1210792474449E-03
456.9466841477 -9.9159928504378E-04
456.42990427014 1.6621635295451E-03
455.91312439259 3.4702073317021E-03
455.39634451503 2.757401089184E-04
454.87956463747 -2.0959649700671E-03
454.36278475992 -2.2000179160386E-03
453.84600488236 -2.7013150975108E-03
453.3292250048 -3.0012443312444E-04
452.81244512725 1.5471769729629E-03
452.29566524969 3.9542424492538E-03
451.77888537213 1.498649129644E-03
451.26210549458 -3.5220289137214E-03
450.74532561702 -1.1544347507879E-03
450.22854573946 -1.6295837122016E-04
449.7117658619 3.026814898476E-03
449.19498598435 0.013808644376695
448.67820610679 0.04225017875433
448.16142622923 0.10521697252989
447.64464635168 0.20627132058144
447.12786647412 0.31748765707016
446.61108659656 0.41363489627838
446.09430671901 0.41945692896843
445.57752684145 0.33695855736732
445.06074696389 0.27240699529648
444.54396708634 0.24065129458904
444.02718720878 0.19030119478703
443.51040733122 0.1138094291091
442.99362745367 0.046177174896002
442.47684757611 0.020676938816905
441.96006769855 0.01618436910212
441.443287821 8.4271021187305E-03
440.92650794344 4.4975215569139E-03
440.40972806588 4.2747603729367E-03
439.89294818833 5.5549498647451E-03
439.37616831077 -1.9879345200025E-04
438.85938843321 -1.2146810768172E-03
438.34260855566 4.4214935041964E-03
437.8258286781 1.9564442336559E-03
437.30904880054 -2.4167448282242E-03
436.79226892299 1.7393927555531E-03
436.27548904543 3.632083768025E-03
435.75870916787 8.8718766346574E-03
435.24192929032 3.5426134709269E-03
434.72514941276 -2.6176034007221E-03
434.2083695352 2.6343727950007E-03
433.69158965765 1.2038715649396E-03
433.17480978009 -3.0941152945161E-03
432.65802990253 3.0699700582772E-03
432.14125002498 3.2443199306726E-03
431.62447014742 2.2373499814421E-03
431.10769026986 -2.8036097064614E-03
430.59091039231 -6.1122733168304E-03
430.07413051475 -3.723717527464E-03
429.55735063719 -4.4678980484605E-03
429.04057075963 -1.041276846081E-03
428.52379088208 8.0141628859565E-04
428.00701100452 2.4511241354048E-03
427.49023112696 4.3652388267219E-03
426.97345124941 2.6686394121498E-03
426.45667137185 3.7996454630047E-03
425.93989149429 1.075706910342E-03
425.42311161674 1.9628519657999E-03
424.90633173918 -2.5397803983651E-04
424.38955186162 -7.8947388101369E-04
423.87277198407 -2.1142871119082E-03
423.35599210651 -2.938891062513E-03
422.83921222895 -3.49140772596E-03
422.3224323514 1.2014242820442E-03
421.80565247384 7.2544547729194E-03
421.28887259628 -2.1250878926367E-03
420.77209271873 -4.0030791424215E-03
420.25531284117 1.9994783215225E-03
419.73853296361 1.5893855597824E-03
419.22175308606 -1.1633613612503E-03
418.7049732085 -6.3168222550303E-04
418.18819333094 -1.4271098189056E-03
417.67141345339 -8.7403802899644E-04
417.15463357583 -5.0034527666867E-03
416.63785369827 -6.5743601880968E-03
416.12107382072 -4.0126442909241E-03
415.60429394316 -2.2745691239834E-03
415.0875140656 -5.2670789882541E-03
414.57073418805 -1.7889572773129E-03
414.05395431049 3.8388918619603E-03
413.53717443293 2.9420098289847E-03
413.02039455538 -4.8855780623853E-03
412.50361467782 -3.9545027539134E-03
411.98683480026 1.3959645293653E-03
411.47005492271 3.1001883326098E-04
410.95327504515 -1.4484450221062E-03
410.43649516759 -1.3996958732605E-03
409.91971529004 -3.5718709696084E-03
409.40293541248 1.8474527169019E-03
408.88615553492 7.7950418926775E-03
408.36937565736 3.4989167470485E-03
407.85259577981 4.7182030975819E-03
407.33581590225 3.3574113622308E-03
406.81903602469 3.5679084248841E-04
406.30225614714 2.538836793974E-03
405.78547626958 6.5373012330383E-04
405.26869639202 -9.9958691862412E-05
404.75191651447 -2.3315160069615E-03
404.23513663691 -2.707245759666E-03
403.71835675935 -1.6381454188377E-03
403.2015768818 -2.9827540274709E-03
402.68479700424 -3.3024749718606E-03
402.16801712668 -1.2587490491569E-03
401.65123724913 -1.8992067780346E-03
401.13445737157 5.5583455832675E-04
400.61767749401 4.9266195856035E-03
400.10089761646 2.7337120845914E-03
399.5841177389 2.0952154882252E-03
399.06733786134 -6.6483119735494E-04
398.55055798379 -4.9212081357837E-03
398.03377810623 1.3680865522474E-03
397.51699822867 3.3736461773515E-03
397.00021835112 9.6969958394766E-03
396.48343847356 0.012920384295285
395.966658596 5.1668714731932E-03
395.44987871845 1.9585664849728E-03
394.93309884089 9.3130823224783E-03
394.41631896333 0.012839857488871
393.89953908578 0.031380735337734
393.38275920822 0.087048329412937
392.86597933066 0.18789632618427
392.34919945311 0.30864787101746
391.83241957555 0.42062285542488
391.31563969799 0.46526044607162
390.79885982044 0.40785831212997
390.28207994288 0.33388319611549
389.76530006532 0.2931589782238
389.24852018777 0.24473571777344
388.73174031021 0.1657380014658
388.21496043265 0.08343618363142
387.69818055509 0.036657620221376
387.18140067754 0.016232615336776
386.66462079998 7.6418993994594E-03
386.14784092242 4.779664799571E-03
385.63106104487 -4.1755749844015E-03
385.11428116731 1.46329915151E-03
384.59750128975 6.5512722358108E-03
384.0807214122 2.6451949961483E-03
383.56394153464 1.491263275966E-03
383.04716165708 9.5347606111318E-04
382.53038177953 1.2597008608282E-03
382.01360190197 5.4963030852377E-03
381.49682202441 4.5454790815711E-03
380.98004214686 2.9335299041122E-03
380.4632622693 5.6218593381345E-03
379.94648239174 4.3370979838073E-03
379.42970251419 -6.536160944961E-04
378.91292263663 -5.7310676202178E-03
378.39614275907 -2.732123946771E-03
377.87936288152 -2.269520657137E-03
377.36258300396 -2.0596971735358E-03
376.8458031264 2.5035177823156E-03
376.32902324885 -1.5260416548699E-03
375.81224337129 -4.1808458045125E-03
375.29546349373 -1.0625448776409E-03
374.77868361618 6.9598308764398E-03
374.26190373862 2.7506758924574E-03
373.74512386106 -6.9040898233652E-04
373.22834398351 -2.2089411504567E-03
372.71156410595 1.5401772689074E-03
372.19478422839 1.7983157886192E-03
371.67800435084 -1.2114318087697E-03
371.16122447328 4.8841438256204E-03
370.64444459572 1.6552915330976E-03
370.12766471817 -3.5032774321735E-03
369.61088484061 3.2788992393762E-03
369.09410496305 8.993154624477E-04
368.5773250855 -1.4514806680381E-03
368.06054520794 -2.7538314461708E-03
367.54376533038 -1.7437618225813E-03
367.02698545282 -6.9066439755261E-04
366.51020557527 -3.0184877105057E-03
365.99342569771 3.3899247646332E-03
365.47664582015 4.3065277859569E-03
364.9598659426 -2.2249962203205E-03
364.44308606504 -3.1401105225086E-03
363.92630618748 7.9030287452042E-06
363.40952630993 2.386431209743E-03
362.89274643237 3.7810606881976E-03
362.37596655481 2.8349012136459E-03
361.85918667726 -2.2278474643826E-03
361.3424067997 -1.9157228525728E-03
360.82562692214 -1.6353212413378E-04
360.30884704459 2.642995910719E-03
359.79206716703 6.2349340878427E-03
359.27528728947 4.1645631426945E-04
358.75850741192 -1.4681421453133E-03
358.24172753436 2.1306553389877E-04
357.7249476568 1.245901803486E-03
357.20816777925 -1.6093554440886E-03
356.69138790169 -8.6233168840408E-03
356.17460802413 -4.1280002333224E-03
355.65782814658 6.1010115314275E-04
355.14104826902 -1.5570890391245E-03
354.62426839146 3.2322329934686E-04
354.10748851391 4.2079365812242E-03
353.59070863635 2.070339396596E-03
353.07392875879 1.6147732967511E-03
352.55714888124 -1.6926281386986E-04
352.04036900368 -1.5749679878354E-03
351.52358912612 -8.561693248339E-04
351.00680924857 -1.7890104791149E-03
350.49002937101 -2.9779472388327E-03
349.97324949345 -2.2258286480792E-04
349.4564696159 4.3259477242827E-03
348.93968973834 6.5775355324149E-03
348.42290986078 3.9063054136932E-03
347.90612998323 -2.4422039277852E-03
347.38935010567 -3.991961129941E-04
346.87257022811 1.5563023043796E-03
346.35579035055 -5.964586045593E-03
345.839010473 -5.5759949609637E-03
345.32223059544 -2.4586883373559E-03
344.80545071788 1.2679034844041E-03
344.28867084033 -1.5364428982139E-03
343.77189096277 3.9929142221808E-03
343.25511108521 3.600315656513E-03
342.73833120766 -3.0436553061008E-03
342.2215513301 -7.1655344218016E-03
341.70477145254 -4.1627655737102E-03
341.18799157499 -6.0879497323185E-04
340.67121169743 3.5581353586167E-04
340.15443181987 -4.1415635496378E-03
339.63765194232 -4.9098734743893E-03
339.12087206476 -3.9846585132182E-03
338.6040921872 -8.2738284254447E-04
338.08731230965 6.5707881003618E-03
337.57053243209 5.9267482720315E-03
337.05375255453 -5.8029284700751E-03
336.53697267698 -5.1968540064991E-03
336.02019279942 4.3579627526924E-04
335.50341292186 4.4631658238359E-04
334.98663304431 2.5108172558248E-03
334.46985316675 -8.598396088928E-04
333.95307328919 -1.1539023835212E-03
333.43629341164 1.8160170293413E-04
332.91951353408 1.6669103642926E-03
332.40273365652 4.270778503269E-03
331.88595377897 5.7624193141237E-04
331.36917390141 -1.9452291307971E-03
330.85239402385 1.1890223249793E-03
330.3356141463 -4.0477409493178E-04
329.81883426874 -2.986601786688E-03
329.30205439118 6.30994560197E-04
328.78527451363 5.580460652709E-03
328.26849463607 -1.7564784502611E-04
327.75171475851 -3.4408963983878E-04
327.23493488096 -2.1665939129889E-03
326.7181550034 -5.3898021578789E-03
326.20137512584 -3.2442901283503E-03
325.68459524829 7.5618573464453E-03
325.16781537073 2.1944837644696E-03
324.65103549317 -3.3422375563532E-03
324.13425561561 -4.2196353897452E-03
323.61747573806 -5.4344246163964E-03
323.1006958605 4.3923666817136E-04
322.58391598294 -2.0694597624242E-03
322.06713610539 -7.1052680723369E-03
321.55035622783 -5.1131141372025E-03
321.03357635027 4.5675113797188E-03
320.51679647272 1.1652256944217E-04
320.00001659516 -4.5993463136256E-03
319.4832367176 9.2157803010195E-04
318.96645684005 4.6132583520375E-04
318.44967696249 -4.1113852057606E-04
317.93289708493 4.573286511004E-03
317.41611720738 2.3614522069693E-03
316.89933732982 4.4948674621992E-04
316.38255745226 4.2411126196384E-03
315.86577757471 6.4300885424018E-03
315.34899769715 1.7538346583024E-04
314.83221781959 -3.1913439743221E-03
314.31543794204 4.8883259296417E-04
313.79865806448 4.5334082096815E-03
313.28187818692 9.1363741084933E-03
312.76509830937 0.010164891369641
312.24831843181 6.80609093979E-03
311.73153855425 2.8669841121882E-03
311.2147586767 3.8129400927573E-03
310.69797879914 -1.3417731970549E-03
310.18119892158 -1.903036609292E-03
309.66441904403 3.4334992524236E-03
309.14763916647 8.6626578122377E-03
308.63085928891 6.9289742968976E-03
308.11407941136 1.7777401953936E-03
307.5972995338 4.340838175267E-03
307.08051965624 2.6012083981186E-03
306.56373977869 -3.7075919099152E-03
306.04695990113 -3.1679959502071E-03
305.53018002357 3.6861943081021E-03
305.01340014602 -9.2946639051661E-04
304.49662026846 -4.8844465054572E-03
303.9798403909 2.448336686939E-03
303.46306051334 5.2395258098841E-03
302.94628063579 -1.9556148909032E-03
302.42950075823 -8.4618255496025E-03
301.91272088067 -7.1961537469178E-04
301.39594100312 -4.1004951344803E-04
300.87916112556 -4.0690409950912E-03
300.362381248 -7.6811756007373E-03
299.84560137045 -5.9220641851425E-03
299.32882149289 1.058895373717E-03
298.81204161533 -3.8498970679939E-03
298.29526173778 -1.6689372714609E-03
297.77848186022 3.3459779806435E-03
297.26170198266 -1.3630576431751E-03
296.74492210511 -2.3692548274994E-03
296.22814222755 -2.40766745992E-03
295.71136234999 -1.6858556773514E-03
295.19458247244 8.9676911011338E-03
294.67780259488 8.6200926452875E-03
294.16102271732 1.2830938212574E-03
293.64424283977 2.5396749842912E-03
293.12746296221 2.6052892208099E-03
292.61068308465 -5.1568483468145E-04
292.0939032071 1.1716585140675E-03
291.57712332954 7.573522743769E-04
291.06034345198 3.9181960746646E-03
290.54356357443 6.7722396925092E-03
290.02678369687 4.8201666213572E-03
289.51000381931 -6.9505081046373E-04
288.99322394176 -3.0129607766867E-03
288.4764440642 -5.8263475075364E-03
287.95966418664 -1.786119537428E-03
287.44288430909 2.7060965076089E-03
286.92610443153 1.176098594442E-03
286.40932455397 -2.9338788590394E-04
285.89254467642 -1.2830046471208E-03
285.37576479886 -3.9575533010066E-03
284.8589849213 -3.1138376798481E-03
284.34220504375 -2.0806232932955E-03
283.82542516619 -2.22516967915E-03
283.30864528863 -3.4896270371974E-03
282.79186541107 6.1621598433703E-04
282.27508553352 5.8812584029511E-04
281.75830565596 -5.3724944591522E-03
281.2415257784 -2.5442640762776E-03
280.72474590085 -7.9773913603276E-04
280.20796602329 -1.7289412207901E-03
279.69118614573 -3.3448103349656E-03
279.17440626818 -2.5174953043461E-03
278.65762639062 -3.6340563092381E-03
278.14084651306 -4.55133151263E-03
277.62406663551 -4.5762294903398E-03
277.10728675795 -5.0557805225253E-03
276.59050688039 -2.5869999080896E-03
276.07372700284 -1.7337235622108E-03
275.55694712528 -2.0535804796964E-03
275.04016724772 -1.8082819879055E-03
274.52338737017 4.3720752000809E-04
274.00660749261 -3.1956611201167E-03
273.48982761505 -1.8461835570633E-03
272.9730477375 5.3170672617853E-04
272.45626785994 1.6975871403702E-04
271.93948798238 1.0795216076076E-03
271.42270810483 6.9068337325007E-05
270.90592822727 2.8453848790377E-04
270.38914834971 2.2867119405419E-03
269.87236847216 3.8278026040643E-03
269.3555885946 2.012150362134E-03
268.83880871704 -1.1636253912002E-03
268.32202883949 -2.7468001935631E-03
267.80524896193 1.0346795897931E-03
267.28846908437 5.3503629751503E-03
266.77168920682 2.5879978202283E-03
266.25490932926 1.5739023219794E-03
265.7381294517 1.7638108693063E-03
265.22134957415 -1.3250634074211E-03
264.70456969659 -2.1406067535281E-03
264.18778981903 4.0660268859938E-04
263.67100994148 -1.3015929143876E-03
263.15423006392 -2.1241181530058E-03
262.63745018636 -1.7194672254845E-03
262.1206703088 9.8900147713721E-04
261.60389043125 -1.6045696102083E-03
261.08711055369 -1.7917063087225E-03
260.57033067613 -2.9167085886002E-03
260.05355079858 -5.4219425655901E-03
259.53677092102 -4.0899743908085E-04
259.01999104346 1.9109391141683E-03
258.50321116591 2.0073661580682E-03
257.98643128835 -1.2706097913906E-03
257.46965141079 -4.8377299681306E-03
256.95287153324 -4.0302351117134E-03
256.43609165568 -7.0677297189832E-03
255.91931177812 5.8010220527649E-04
255.40253190057 3.0673886649311E-03
254.88575202301 -1.9658696837723E-03
254.36897214545 -9.7171764355153E-04
253.8521922679 -9.5693487673998E-04
253.33541239034 2.4780845269561E-03
252.81863251278 1.6339090652764E-03
252.30185263523 -1.4090042095631E-03
251.78507275767 2.5241426192224E-03
251.26829288011 -2.4514601100236E-03
250.75151300256 -1.3893218711019E-03
250.234733125 -2.1331293974072E-03
249.71795324744 2.6657120324671E-03
249.20117336989 6.8980674259365E-03
248.68439349233 3.1299765687436E-03
248.16761361477 -2.1072374656796E-03
247.65083373722 -4.7929878346622E-03
247.13405385966 -1.1809871066362E-03
246.6172739821 -7.3239225894213E-03
246.10049410455 -9.8462169989944E-03
245.58371422699 -5.029666936025E-04
245.06693434943 5.0635719671845E-03
244.55015447188 3.1636552885175E-03
244.03337459432 2.0146096358076E-04
243.51659471676 -1.6855943249539E-03
242.99981483921 8.5830746684223E-04
242.48303496165 6.6348812542856E-03
241.96625508409 -2.4940723087639E-03
241.44947520653 -5.7597388513386E-03
240.93269532898 -2.1067182533443E-03
240.41591545142 -4.9386266618967E-03
239.89913557386 -5.9602418914437E-03
239.38235569631 -1.2455976102501E-03
238.86557581875 1.012927852571E-03
238.34879594119 1.3668065657839E-03
237.83201606364 -1.3782213209197E-03
237.31523618608 -1.9372914684936E-03
236.79845630852 1.454962475691E-04
236.28167643097 -1.45900901407E-03
235.76489655341 -3.2224913593382E-03
235.24811667585 4.7426545061171E-03
234.7313367983 4.283994436264E-03
234.21455692074 -2.0151801872998E-03
233.69777704318 -2.5512797292322E-03
233.18099716563 -1.014215813484E-04
232.66421728807 6.5466137602925E-03
232.14743741051 8.6516430601478E-03
231.63065753296 6.5313540399075E-03
231.1138776554 4.6021449379623E-03
230.59709777784 5.6458469480276E-03
230.08031790029 5.3978357464075E-03
229.56353802273 -8.9492596453056E-04
229.04675814517 -1.1610880028456E-03
228.52997826762 -4.2774481698871E-03
228.01319839006 -4.364671651274E-03
227.4964185125 2.9924556147307E-03
226.97963863495 2.0830498542637E-03
226.46285875739 -1.9576153717935E-03
225.94607887983 -1.9695064984262E-03
225.42929900228 -1.2350822798908E-03
224.91251912472 -2.8795434627682E-03
224.39573924716 1.0642398847267E-03
223.87895936961 3.9551043882966E-03
223.36217949205 -4.2349034920335E-03
222.84539961449 -1.3224540743977E-03
222.32861973694 3.7173505406827E-03
221.81183985938 6.4995768480003E-03
221.29505998182 5.488601513207E-03
220.77828010426 2.7005630545318E-03
220.26150022671 -1.052163890563E-03
219.74472034915 -2.7280496433377E-03
219.22794047159 1.5081884339452E-04
218.71116059404 6.8458134774119E-04
218.19438071648 8.8293571025133E-04
217.67760083892 1.8430261407048E-03
217.16082096137 -2.0360627677292E-03
216.64404108381 -1.2632625293918E-04
216.12726120625 -2.3247194476426E-03
215.6104813287 -3.8562933914363E-03
215.09370145114 -2.799823647365E-03
214.57692157358 3.6232573911548E-03
214.06014169603 9.530134499073E-03
213.54336181847 3.0248481780291E-03
213.02658194091 -2.8721892158501E-04
212.50980206336 2.4498174898326E-03
211.9930221858 3.4563320223242E-03
211.47624230824 -1.09018816147E-04
210.95946243069 7.3452643118799E-04
210.44268255313 -2.558265812695E-03
209.92590267557 -2.8598476201296E-03
209.40912279802 6.4099500887096E-03
208.89234292046 9.687471203506E-03
208.3755630429 2.8924641665071E-03
207.85878316535 2.3331018164754E-03
207.34200328779 2.7949360664934E-03
206.82522341023 1.3402979820967E-03
206.30844353268 -6.1944485642016E-03
205.79166365512 -6.9375820457935E-03
205.27488377756 -1.1504950234666E-03
204.75810390001 1.3830491807312E-03
204.24132402245 4.5434450730681E-03
203.72454414489 3.3787346910685E-03
203.20776426734 -4.5067323371768E-03
202.69098438978 -3.3220376353711E-03
202.17420451222 -4.1536393109709E-04
201.65742463467 -1.3752689119428E-03
201.14064475711 -1.7917337827384E-03
200.62386487955 -1.1952295899391E-03
200.10708500199 1.0775028495118E-03
199.59030512444 5.279001314193E-03
199.07352524688 3.8950168527663E-03
198.55674536932 -7.9144304618239E-04
198.03996549177 -6.975743919611E-03
197.52318561421 -4.2571197263896E-03
197.00640573665 1.2135768774897E-03
196.4896258591 3.4769445192069E-03
195.97284598154 5.694470833987E-03
195.45606610398 2.6945674326271E-03
194.93928622643 -1.7862352542579E-03
194.42250634887 -2.8361682780087E-03
193.90572647131 -2.2192155010998E-03
193.38894659376 -6.6549301845953E-04
192.8721667162 4.9731116741896E-03
192.35538683864 3.6808901932091E-03
191.83860696109 -2.504272852093E-03
191.32182708353 -4.0226452983916E-03
190.80504720597 -3.3547685015947E-03
190.28826732842 2.0766535308212E-03
189.77148745086 2.8376381378621E-03
189.2547075733 1.045307435561E-04
188.73792769575 -4.5797904022038E-04
188.22114781819 -1.6167827416211E-03
187.70436794063 -3.3053087536246E-03
187.18758806308 -3.6725606769323E-03
186.67080818552 2.0656697452068E-03
186.15402830796 5.778094753623E-03
185.63724843041 3.1171767041087E-03
185.12046855285 -5.2340532420203E-05
184.60368867529 3.1587765552104E-03
184.08690879774 3.422285662964E-03
183.57012892018 6.5366335911676E-04
183.05334904262 3.3081818837672E-03
182.53656916507 2.0343225914985E-03
182.01978928751 -1.3636853545904E-03
181.50300940995 -1.2094206176698E-03
180.9862295324 1.1686698999256E-03
180.46944965484 1.9070124253631E-03
179.95266977728 2.9909380245954E-03
179.43588989972 2.7956671547145E-03
178.91911002217 3.1800654251128E-03
178.40233014461 2.9247323982418E-03
177.88555026705 3.5961528774351E-03
177.3687703895 -1.4537109527737E-03
176.85199051194 -7.7608735300601E-03
176.33521063438 5.6278274860233E-04
175.81843075683 5.1558166742325E-03
175.30165087927 6.6614765673876E-03
174.78487100171 3.6777451168746E-03
174.26809112416 -6.4188982360065E-03
173.7513112466 -4.632287658751E-03
173.23453136904 8.7361707119271E-04
172.71775149149 -5.138055421412E-03
172.20097161393 -8.9649735018611E-03
171.68419173637 -2.7553313411772E-03
171.16741185882 -2.0863239187747E-03
170.65063198126 -9.2153187142685E-04
170.1338521037 2.3512972984463E-03
169.61707222615 1.8961366731673E-03
169.10029234859 4.0186922997236E-03
168.58351247103 -1.5471486840397E-03
168.06673259348 1.1820974759758E-03
167.54995271592 8.7275105761364E-04
167.03317283836 -6.4937686547637E-03
166.51639296081 -4.0044342167675E-03
165.99961308325 -1.1945981532335E-04
165.48283320569 -1.1572210351005E-03
164.96605332814 -1.5061472076923E-03
164.44927345058 8.1910128938034E-04
163.93249357302 -6.4990296959877E-03
163.41571369547 -6.8094911985099E-03
162.89893381791 -3.1302538700402E-03
162.38215394035 -2.1859470289201E-03
161.8653740628 -1.7773979343474E-03
161.34859418524 -6.2182489782572E-03
160.83181430768 -1.3167236465961E-03
160.31503443013 -1.4142657164484E-03
159.79825455257 2.7473055524752E-05
159.28147467501 8.3439116133377E-04
158.76469479745 -2.2693905048072E-03
158.2479149199 6.1648886185139E-04
157.73113504234 2.1089515648782E-03
157.21435516478 2.9622251167893E-03
156.69757528723 2.3914955090731E-03
156.18079540967 5.9407404623926E-03
155.66401553211 -1.8785473366734E-04
155.14723565456 -6.7230639979243E-03
154.630455777 -2.8749750345014E-04
154.11367589944 1.0976719204336E-03
153.59689602189 1.9175281049684E-03
153.08011614433 -3.3819727832451E-05
152.56333626677 -4.9295243807137E-03
152.04655638922 -5.6079430505633E-03
151.52977651166 -3.9708125405014E-03
151.0129966341 2.8869783272967E-04
150.49621675655 -8.3390390500426E-05
149.97943687899 -4.0323394350708E-03
149.46265700143 1.4232980902307E-04
148.94587712388 -5.1998865092173E-04
148.42909724632 -8.1430771388113E-05
147.91231736876 -2.991808578372E-04
147.39553749121 -2.0239944569767E-03
146.87875761365 -3.2344947103411E-03
146.36197773609 -3.5887369886041E-03
145.84519785854 4.3451428064145E-04
145.32841798098 -8.6535839363933E-03
144.81163810342 -7.68420426175E-03
144.29485822587 -5.627206992358E-03
143.77807834831 -2.9807453975081E-03
143.26129847075 2.3969751782715E-03
142.7445185932 2.3754124995321E-03
142.22773871564 3.1653847545385E-03
141.71095883808 4.157604649663E-03
141.19417896053 4.3872115202248E-03
140.67739908297 5.1898849196732E-03
140.16061920541 5.1326374523342E-03
139.64383932786 2.794804982841E-03
139.1270594503 1.2125343782827E-03
138.61027957274 2.2080889903009E-03
138.09349969518 -3.2008721027523E-03
137.57671981763 -1.5936128329486E-03
137.05993994007 -4.665115266107E-04
136.54316006251 -5.5897035636008E-03
136.02638018496 -3.2719885930419E-03
135.5096003074 -2.0768625836354E-04
134.99282042984 2.3948471061885E-03
134.47604055229 2.3158278781921E-03
133.95926067473 4.7512256423943E-04
133.44248079717 -2.4845600128174E-03
132.92570091962 1.1483964044601E-03
132.40892104206 -2.3681197781116E-03
131.8921411645 -3.9764912799001E-05
131.37536128695 2.5832382962108E-03
130.85858140939 -1.7533390782773E-03
130.34180153183 -3.8283723406494E-03
129.82502165428 8.3546887617558E-04
129.30824177672 3.1394258257933E-04
128.79146189916 -4.591622389853E-03
128.27468202161 2.2065336816013E-04
127.75790214405 -4.0147951804101E-03
127.24112226649 -6.7973863333464E-03
126.72434238894 -7.6195653527975E-03
126.20756251138 -2.4515250697732E-03
125.69078263382 -2.5166226550937E-03
125.17400275627 -5.6359833106399E-03
124.65722287871 -4.3258741497993E-03
124.14044300115 -3.8105132989585E-04
123.6236631236 -3.2345945946872E-03
123.10688324604 4.4330110540614E-04
122.59010336848 -6.055956473574E-04
122.07332349093 -5.6708254851401E-03
121.55654361337 -4.8141815932468E-04
121.03976373581 1.2625606032088E-03
120.52298385826 -3.8973465561867E-03
120.0062039807 -2.7256943285465E-03
119.48942410314 5.4580718278885E-04
118.97264422559 6.7662657238543E-04
118.45586434803 2.386238775216E-04
117.93908447047 5.6476858444512E-03
117.42230459291 1.6886390512809E-03
116.90552471536 -1.4251092216E-03
116.3887448378 -8.6196381598711E-03
115.87196496024 -0.010688581503928
115.35518508269 2.9234383255243E-03
114.83840520513 9.2397779226303E-03
114.32162532757 3.748350776732E-03
113.80484545002 -3.4993821755052E-03
113.28806557246 -3.9969072677195E-03
112.7712856949 3.8864058442414E-03
112.25450581735 6.2180421082303E-04
111.73772593979 -7.8672096133232E-03
111.22094606223 -3.3812066540122E-03
110.70416618468 -1.2418311089277E-03
110.18738630712 -3.3449181355536E-03
109.67060642956 -2.8205052949488E-03
109.15382655201 -6.4067170023918E-04
108.63704667445 2.2514013107866E-04
108.12026679689 -2.650192938745E-03
107.60348691934 1.1313651921228E-03
107.08670704178 5.8168210089207E-03
106.56992716422 1.1360213393345E-03
106.05314728667 -5.9382210019976E-04
105.53636740911 2.8290585614741E-03
105.01958753155 5.5609084665775E-03
104.502807654 5.089495331049E-03
103.98602777644 4.1122199036181E-03
103.46924789888 2.1438472904265E-03
102.95246802133 5.1481975242496E-04
102.43568814377 3.6291033029556E-03
101.91890826621 -6.9954781793058E-05
101.40212838866 -6.159670650959E-03
100.8853485111 7.3596020229161E-04
100.36856863354 2.4364292621613E-03
99.851788755985 -2.1864073351026E-03
99.335008878429 -4.0369303897023E-03
98.818229000872 -1.5273676253855E-03
98.301449123315 -3.7539342883974E-04
97.784669245758 -4.8986119218171E-03
97.267889368202 -2.4448642507195E-03
96.751109490645 6.6575862001628E-04
96.234329613088 -1.2720243539661E-03
95.717549735531 -5.8669771533459E-04
95.200769857975 -3.2152612693608E-03
94.683989980418 -2.938577439636E-03
94.167210102861 -8.5926114115864E-04
93.650430225304 3.1435308046639E-03
93.133650347748 7.9963561147451E-03
92.616870470191 4.7862627543509E-03
92.100090592634 -9.1644661733881E-04
91.583310715077 -8.8560697622597E-04
91.066530837521 9.5310062170029E-04
90.549750959964 -2.1147569350433E-04
90.032971082407 -6.5374991390854E-04
89.51619120485 -1.6090020653792E-04
88.999411327294 2.7809501625597E-03
88.482631449737 -1.8485198961571E-03
87.96585157218 -8.4799565374851E-03
87.449071694623 -2.1286145783961E-03
86.932291817067 2.6787724345922E-03
86.41551193951 1.5653987647966E-03
85.898732061953 -2.4955268017948E-03
85.381952184396 -4.8765670508146E-03
84.86517230684 -2.6309401728213E-03
84.348392429283 2.2960163187236E-03
83.831612551726 4.3143834918737E-03
83.314832674169 1.8211776623502E-03
82.798052796613 -5.3152337204665E-04
82.281272919056 2.1735671907663E-03
81.764493041499 -4.2256258893758E-04
81.247713163942 -1.3003465719521E-03
80.730933286386 9.4963330775499E-04
80.214153408829 3.1359072308987E-03
79.697373531272 -3.7107286043465E-03
79.180593653715 -1.6715601086617E-03
78.663813776159 -1.3646535808221E-03
78.147033898602 -2.6405856478959E-03
77.630254021045 -2.8728158213198E-05
77.113474143488 -2.3401221260428E-03
76.596694265932 -1.4198751887307E-03
76.079914388375 -1.3169016456231E-03
75.563134510818 1.8606694648042E-03
75.046354633261 2.1506876219064E-03
74.529574755705 2.0523753482848E-03
74.012794878148 2.2376580163836E-03
73.496015000591 -1.3333084061742E-03
72.979235123034 -1.4128857292235E-03
72.462455245478 -5.541869904846E-04
71.945675367921 1.2248447164893E-03
71.428895490364 4.9536288715899E-03
70.912115612807 -7.8476243652403E-04
70.395335735251 -4.5638573355973E-03
69.878555857694 -1.7866917187348E-03
69.361775980137 4.4843093492091E-03
68.84499610258 8.2775428891182E-03
68.328216225024 2.3820765782148E-03
67.811436347467 -4.1180420666933E-03
67.29465646991 -2.9900134541094E-04
66.777876592353 2.4268968263641E-04
66.261096714797 -3.8618938997388E-03
65.74431683724 9.6736993873492E-04
65.227536959683 3.0630566179752E-03
64.710757082126 -6.7955028498545E-05
64.19397720457 6.9178669946268E-04
63.677197327013 2.3502216208726E-03
63.160417449456 3.5780472680926E-03
62.643637571899 7.4558882042766E-03
62.126857694343 6.2842443585396E-03
61.610077816786 2.9084214475006E-03
61.093297939229 5.3808498196304E-03
60.576518061672 3.5962818656117E-03
60.059738184116 -2.6968326419592E-03
59.542958306559 -7.3622213676572E-06
59.026178429002 2.0090721081942E-03
58.509398551445 4.1070964653045E-04
57.992618673889 -1.3921826612204E-03
57.475838796332 1.2602240312845E-03
56.959058918775 4.0937960147858E-03
56.442279041218 -3.2194382511079E-03
55.925499163662 -7.7304901788011E-04
55.408719286105 8.8796688942239E-04
54.891939408548 -2.1563062909991E-03
54.375159530991 -3.6784850526601E-03
53.858379653435 8.4203406004235E-05
53.341599775878 5.618816241622E-03
52.824819898321 1.4398249331862E-03
52.308040020764 -3.2938027288765E-04
51.791260143208 2.7820279356092E-03
51.274480265651 -6.2634954228997E-03
50.757700388094 -2.7864687144756E-03
50.240920510537 -1.0843491181731E-03
49.724140632981 -3.0442411080003E-03
49.207360755424 -9.8160258494318E-04
48.690580877867 2.5250795297325E-03
48.17380100031 2.0878815557808E-03
47.657021122754 -5.0471741706133E-03
47.140241245197 -2.4867034517229E-03
46.62346136764 2.8489995747805E-04
46.106681490083 1.8777498044074E-03
45.589901612527 -7.9952704254538E-05
45.07312173497 -1.2396425008774E-03
44.556341857413 2.4476798716933E-03
44.039561979856 1.5099190641195E-03
43.5227821023 1.0856692679226E-03
43.006002224743 -1.3722162693739E-03
42.489222347186 -7.423089351505E-03
41.972442469629 -7.2820857167244E-03
41.455662592073 -6.1306590214372E-03
40.938882714516 -4.3704304844141E-03
40.422102836959 3.5702809691429E-03
39.905322959402 4.0946882218122E-03
39.388543081846 -3.5740747116506E-03
38.871763204289 2.6049022562802E-03
38.354983326732 -1.8174459692091E-03
37.838203449175 -7.5263795442879E-03
37.321423571619 -5.2962708286941E-03
36.804643694062 1.9071862334386E-04
36.287863816505 -3.5923169343732E-04
35.771083938948 1.8731720047072E-04
35.254304061392 -5.2589748520404E-05
34.737524183835 7.8428670531139E-04
34.220744306278 3.9830775931478E-03
33.703964428721 3.8443563971668E-03
33.187184551165 3.6929454654455E-03
32.670404673608 1.6665041912347E-03
32.153624796051 -4.8246481455863E-03
31.636844918494 -2.4102046154439E-03
31.120065040938 9.2231705784798E-03
30.603285163381 6.0529219917953E-03
30.086505285824 1.884565455839E-03
29.569725408267 2.826435258612E-03
29.052945530711 3.3945098984987E-03
28.536165653154 5.3203962743282E-03
28.019385775597 5.2393143996596E-03
27.50260589804 4.7115054912865E-03
26.985826020484 5.1259403117001E-03
26.469046142927 1.1222918983549E-03
25.95226626537 -5.3305877372622E-04
25.435486387813 -2.6874239556491E-03
24.918706510257 4.8543815501034E-04
24.4019266327 2.8880401514471E-03
23.885146755143 -2.494957530871E-03
23.368366877586 1.0187288280576E-03
22.85158700003 -1.9625283312052E-03
22.334807122473 -5.3269970230758E-03
21.818027244916 -2.4746975395828E-03
21.301247367359 1.5491626691073E-03
20.784467489803 2.948357257992E-03
20.267687612246 4.5649884268641E-03
19.750907734689 5.1283081993461E-03
19.234127857132 0.011154606938362
18.717347979576 7.3740785010159E-03
18.200568102019 -4.6551930718124E-03
17.683788224462 -5.3927656263113E-03
17.167008346905 -9.1594603145495E-04
16.650228469349 -1.7616732511669E-03
16.133448591792 -4.2964285239577E-03
15.616668714235 -3.9122877642512E-03
15.099888836678 -4.2365174740553E-03
14.583108959122 -5.7624541223049E-03
14.066329081565 -8.6087035015225E-03
13.549549204008 -0.010918631218374
13.032769326451 -5.7707075029612E-06
12.515989448895 0.010448776185513
11.999209571338 4.6590529382229E-03
11.482429693781 8.1105343997478E-04
10.965649816224 -1.1245451169088E-03
10.448869938668 3.2567929010838E-03
9.9320900611109 3.3800846431404E-03
9.4153101835542 -4.5980215072632E-03
8.8985303059974 -5.4290698608384E-04
8.3817504284407 -1.4333706349134E-03
7.8649705508839 6.48990040645E-04
7.3481906733272 -6.3517317175865E-04
6.8314107957704 6.1944720800966E-04
6.3146309182137 1.3271404895931E-04
5.7978510406569 1.5693196328357E-03
5.2810711631002 1.6853339038789E-03
4.7642912855434 1.6432839911431E-03
4.2475114079867 2.8129869606346E-03
3.7307315304299 -1.3380747986957E-03
3.2139516528732 -6.7006414756179E-03
2.6971717753164 -2.9381988570094E-03
2.1803918977597 8.8862190023065E-04
1.6636120202029 4.7545350389555E-04
1.1468321426462 1.3074805028737E-03
0.63005226508945 4.7650029882789E-03
0.1132723875327 -1.1838469654322E-03
-0.40350749002405 -4.7841817140579E-03
-0.9202873675808 -2.7497729752213E-03
-1.4370672451376 -1.010185922496E-03
-1.9538471226943 -3.8524807896465E-03
-2.4706270002511 -4.4087870046496E-03
-2.9874068778078 -1.8112937686965E-03
-3.5041867553646 -1.0571461170912E-03
-4.0209666329213 -3.8506562123075E-04
-4.5377465104781 -8.0803234595805E-04
-5.0545263880348 1.3661803677678E-03
-5.5713062655916 3.9387485012412E-03
-6.0880861431483 4.2623486369848E-03
-6.6048660207051 -8.1960979150608E-04
-7.1216458982618 -3.9259431650862E-04
-7.6384257758185 -6.9976586382836E-04
-8.1552056533753 -5.2330559119582E-03
-8.671985530932 2.9356381855905E-03
-9.1887654084888 5.0617954693735E-03
-9.7055452860455 7.464962080121E-03
-10.222325163602 3.7884875200689E-03
-10.739105041159 -2.4754735641181E-03
-11.255884918716 -4.1266076732427E-04
-11.772664796273 5.4600433213636E-04
-12.289444673829 1.6465492080897E-03
-12.806224551386 1.5739060472697E-03
-13.323004428943 6.2550301663578E-03
-13.8397843065 3.4002417232841E-03
-14.356564184056 -2.3481806274503E-03
-14.873344061613 -4.022475797683E-03
-15.39012393917 -8.9352281065658E-04
-15.906903816727 2.0372273866087E-03
-16.423683694283 -5.6295529939234E-03
-16.94046357184 -1.5416339738294E-03
-17.457243449397 2.8493893332779E-03
-17.974023326954 2.3470025043935E-03
-18.49080320451 1.4997100224718E-03
-19.007583082067 2.6166751049459E-03
-19.524362959624 -1.4277354348451E-03
-20.041142837181 -2.3982929997146E-03
-20.557922714737 -2.2205328568816E-03
-21.074702592294 -4.8491815105081E-03
-21.591482469851 -1.6854850109667E-03
-22.108262347408 1.8140359316021E-03
-22.625042224964 3.1541837379336E-03
-23.141822102521 -2.1397233940661E-03
-23.658601980078 -2.8616462368518E-03
-24.175381857635 -6.4949970692396E-04
-24.692161735191 9.6615799702704E-04
-25.208941612748 -6.2328763306141E-05
-25.725721490305 -7.0442371070385E-03
-26.242501367862 -6.5233381465077E-03
-26.759281245418 4.0485651697963E-04
-27.276061122975 3.0408161692321E-03
-27.792841000532 -1.8010315252468E-03
-28.309620878089 -6.2789488583803E-03
-28.826400755645 -3.7042694166303E-03
-29.343180633202 -3.3824611455202E-03
-29.859960510759 4.8297876492143E-03
-30.376740388316 6.2334118410945E-03
-30.893520265872 2.5225237477571E-03
-31.410300143429 3.6647736560553E-03
-31.927080020986 1.8093527760357E-03
-32.443859898543 -4.6467274660245E-04
-32.960639776099 3.954810090363E-04
-33.477419653656 4.0715038776398E-03
-33.994199531213 3.2657380215824E-03
-34.51097940877 -4.2570014484227E-03
-35.027759286326 -3.2946583814919E-03
-35.544539163883 2.1860678680241E-03
-36.06131904144 7.7842466998845E-04
-36.578098918997 -5.6110817240551E-04
-37.094878796553 -2.4872838985175E-03
-37.61165867411 1.2547007063404E-03
-38.128438551667 4.0094336145557E-04
-38.645218429224 3.0865848530084E-03
-39.16199830678 1.5271394513547E-03
-39.678778184337 1.1503734858707E-03
-40.195558061894 7.6826638542116E-04
-40.712337939451 -6.8176696076989E-03
-41.229117817007 -2.4712500162423E-03
-41.745897694564 1.2489445507526E-03
-42.262677572121 1.8912593368441E-03
-42.779457449678 3.1092292629182E-03
-43.296237327234 -7.648840546608E-04
-43.813017204791 -5.1627359353006E-03
-44.329797082348 -5.7287635281682E-03
-44.846576959905 -2.4751732125878E-03
-45.363356837461 2.9729998204857E-03
-45.880136715018 3.0366329010576E-03
-46.396916592575 -9.0470155701041E-03
-46.913696470132 -6.2263985164464E-03
-47.430476347688 5.0025433301926E-04
-47.947256225245 1.7975638620555E-03
-48.464036102802 1.837037038058E-03
-48.980815980359 -3.6479177651927E-04
-49.497595857915 -2.2942565847188E-03
-50.014375735472 -3.0903576407582E-03
-50.531155613029 1.0670498013496E-03
-51.047935490586 2.7551972307265E-03
-51.564715368142 4.1628413600847E-04
-52.081495245699 2.4235274177045E-03
-52.598275123256 -2.217119326815E-03
-53.115055000813 -6.0061435215175E-03
-53.631834878369 -1.5983106277417E-04
-54.148614755926 -1.4435733901337E-03
-54.665394633483 -5.7355971075594E-03
-55.18217451104 -5.8659835485741E-04
-55.698954388596 -1.7825239337981E-03
-56.215734266153 -1.8511600792408E-03
-56.73251414371 -1.29992258735E-03
-57.249294021267 -2.4545807391405E-03
-57.766073898823 9.5038278959692E-04
-58.28285377638 1.6506968531758E-03
-58.799633653937 -1.8162827473134E-05
-59.316413531494 4.5394583139569E-04
-59.83319340905 -1.0690835188143E-04
-60.349973286607 -1.7342122737318E-03
-60.866753164164 3.1506381928921E-03
-61.383533041721 4.7397874295712E-03
-61.900312919277 2.8341864235699E-03
-62.417092796834 -7.9471530625597E-05
-62.933872674391 4.7036712057889E-03
-63.450652551948 5.187310744077E-03
-63.967432429504 9.5348135801032E-04
-64.484212307061 2.3689307272434E-03
-65.000992184618 3.2922136597335E-03
-65.517772062175 9.0556181967258E-03
-66.034551939731 7.9331528395414E-03
-66.551331817288 1.9692308269441E-03
-67.068111694845 2.5017410516739E-03
-67.584891572402 8.1548996968195E-04
-68.101671449958 1.721850130707E-03
-68.618451327515 6.4766855211928E-04
-69.135231205072 -1.7692311666906E-03
-69.652011082629 1.0065578389913E-03
-70.168790960185 -5.3701235447079E-04
-70.685570837742 2.3567581083626E-03
-71.202350715299 2.4528007488698E-03
-71.719130592856 -1.6896422021091E-03
-72.235910470412 -3.1444556079805E-03
-72.752690347969 -5.8605880476534E-03
-73.269470225526 -5.8616222813725E-03
-73.786250103083 -6.6161751747131E-03
-74.303029980639 -3.2995797228068E-03
-74.819809858196 -6.7210444249213E-03
-75.336589735753 -2.2358833812177E-03
-75.85336961331 1.2930349912494E-03
-76.370149490866 -2.3222654126585E-03
-76.886929368423 -2.0499491074588E-04
-77.40370924598 8.1096444046125E-04
-77.920489123537 2.9121460393071E-03
-78.437269001093 1.3042037608102E-04
-78.95404887865 -1.341592753306E-03
-79.470828756207 -1.5108550433069E-03
-79.987608633764 -6.2853745184839E-03
-80.50438851132 -5.8801253326237E-03
-81.021168388877 -1.2368762400001E-03
-81.537948266434 -1.8355090287514E-04
-82.05472814399 3.2190163619816E-04
-82.571508021547 3.917234018445E-03
-83.088287899104 3.5518959630281E-03
-83.605067776661 -2.6975127402693E-03
-84.121847654218 -1.3614830095321E-03
-84.638627531774 -1.2410912313499E-04
-85.155407409331 1.4290409162641E-03
-85.672187286888 4.9770076293498E-04
-86.188967164444 1.3837264850736E-03
-86.705747042001 -2.2997879423201E-03
-87.222526919558 -5.3351265378296E-03
-87.739306797115 -5.740340333432E-03
-88.256086674672 -3.2847470138222E-03
-88.772866552228 1.3061661738902E-03
-89.289646429785 7.4798446148634E-03
-89.806426307342 8.096270263195E-03
-90.323206184899 4.0657129138708E-03
-90.839986062455 3.6242147907615E-03
-91.356765940012 6.0207368806005E-03
-91.873545817569 -6.5222894772887E-04
-92.390325695126 1.656757784076E-03
-92.907105572682 2.3640797007829E-04
-93.423885450239 -2.2312763612717E-03
-93.940665327796 6.2911645509303E-03
-94.457445205353 3.7843303289264E-03
-94.974225082909 -6.3672680407763E-03
-95.491004960466 9.9447905085981E-04
-96.007784838023 4.6275001950562E-03
-96.524564715579 -3.7584334495477E-04
-97.041344593136 -2.012298675254E-03
-97.558124470693 -1.6217343509197E-03
-98.07490434825 2.8311037458479E-03
-98.591684225806 1.1108620092273E-03
-99.108464103363 -6.2481925124303E-04
-99.62524398092 -2.1721608936787E-03
-100.14202385848 -1.243201084435E-03
-100.65880373603 1.1099162511528E-03
-101.17558361359 2.5905799120665E-03
-101.69236349115 4.7058195923455E-04
-102.2091433687 2.202428644523E-03
-102.72592324626 7.9102087765932E-03
-103.24270312382 6.3478816300631E-03
-103.75948300137 -4.1691615479067E-05
-104.27626287893 2.0802605431527E-03
-104.79304275649 -2.0885225385427E-03
-105.30982263404 -4.3886895291507E-03
-105.8266025116 -5.1162351155654E-04
-106.34338238916 3.0027809552848E-03
-106.86016226671 1.5609363326803E-03
-107.37694214427 2.0000985823572E-03
-107.89372202183 4.0336190722883E-03
-108.41050189938 -8.9314102660865E-04
-108.92728177694 2.0263218320906E-03
-109.4440616545 4.07206825912E-03
-109.96084153205 -1.5120870666578E-03
-110.47762140961 -4.5220437459648E-03
-110.99440128717 -3.8379724137485E-03
-111.51118116473 -2.6296922005713E-03
-112.02796104228 -4.4498448260128E-03
-112.54474091984 -2.1905386820436E-03
-113.0615207974 3.0539550352842E-03
-113.57830067495 1.6344945179299E-03
-114.09508055251 -3.5789692774415E-03
-114.61186043007 1.8265062244609E-03
-115.12864030762 1.6514669405296E-03
-115.64542018518 -1.1390940053388E-03
-116.16220006274 2.0638431888074E-03
-116.67897994029 9.4704627990723E-03
-117.19575981785 0.012563305906951
-117.71253969541 3.6761336959898E-03
-118.22931957296 2.3323968052864E-03
-118.74609945052 6.6522886045277E-03
-119.26287932808 9.3127908185124E-03
-119.77965920563 6.9462242536247E-03
-120.29643908319 4.0088184177876E-03
-120.81321896075 5.524299107492E-03
-121.3299988383 3.0057670082897E-03
-121.84677871586 -8.2088867202401E-04
-122.36355859342 -2.4498655693606E-04
-122.88033847097 -6.5031519625336E-04
-123.39711834853 4.3657160131261E-04
-123.91389822609 2.8256964869797E-03
-124.43067810364 8.8175674900413E-03
-124.9474579812 8.4487460553646E-03
-125.46423785876 6.5534194000065E-03
-125.98101773631 -4.7340709716082E-04
-126.49779761387 -2.4124947376549E-03
-127.01457749143 -2.4348013103008E-03
-127.53135736898 8.2943716552109E-04
-128.04813724654 -1.868860097602E-03
-128.5649171241 -3.4619802609086E-03
-129.08169700165 -3.7300661206245E-03
-129.59847687921 -3.8879746571183E-03
-130.11525675677 1.1891048634425E-03
-130.63203663432 2.4448619224131E-03
-131.14881651188 -1.6795301344246E-03
-131.66559638944 -9.5907030627131E-03
-132.182376267 -8.5066081956029E-03
-132.69915614455 -2.7045090682805E-03
-133.21593602211 -7.8422174556181E-04
-133.73271589967 -4.1646172758192E-04
-134.24949577722 -4.2593334801495E-03
-134.76627565478 -1.859635085566E-04
-135.28305553234 4.1752943070605E-04
-135.79983540989 5.481515545398E-03
-136.31661528745 5.8807828463614E-03
-136.83339516501 -3.7887245416641E-03
-137.35017504256 -4.9148867838085E-03
-137.86695492012 -2.5481679476798E-03
-138.38373479768 -3.2810484990478E-03
-138.90051467523 -2.3251748643816E-03
-139.41729455279 1.7646482447162E-03
-139.93407443035 -2.4605272337794E-03
-140.4508543079 -2.0944578573108E-03
-140.96763418546 5.9419292956591E-03
-141.48441406302 1.2442099396139E-03
-142.00119394057 -1.013801433146E-03
-142.51797381813 1.4012485044077E-03
-143.03475369569 3.8979020901024E-03
-143.55153357324 -7.0275098551065E-05
-144.0683134508 2.8396578272805E-05
-144.58509332836 4.6138474717736E-03
-145.10187320591 3.2794498838484E-03
-145.61865308347 7.5446290429682E-04
-146.13543296103 1.7582321306691E-03
-146.65221283858 1.5633999137208E-03
-147.16899271614 1.8349745078012E-03
-147.6857725937 -2.8158077038825E-03
-148.20255247125 -3.0268803238869E-03
-148.71933234881 6.570954574272E-04
-149.23611222637 -1.8540894379839E-03
-149.75289210392 -5.5413572117686E-03
-150.26967198148 -1.7181294970214E-03
-150.78645185904 3.433408215642E-03
-151.30323173659 -4.573576443363E-04
-151.82001161415 3.499593003653E-05
-152.33679149171 3.4246582072228E-04
-152.85357136927 2.153892070055E-03
-153.37035124682 -8.2577625289559E-04
-153.88713112438 -1.1656759306788E-03
-154.40391100194 -1.4780197525397E-03
-154.92069087949 3.6631716648117E-04
-155.43747075705 -3.4982233773917E-03
-155.95425063461 -2.9442022787407E-04
-156.47103051216 2.3557997774333E-03
-156.98781038972 -5.609430372715E-03
-157.50459026728 -4.4136550277472E-03
-158.02137014483 5.1169528160244E-04
-158.53815002239 -1.5477614942938E-03
-159.05492989995 1.0399899911135E-03
-159.5717097775 -4.9098231829703E-03
-160.08848965506 -1.912922016345E-03
-160.60526953262 4.1570868343115E-03
-161.12204941017 9.1381892561913E-03
-161.63882928773 3.1453694682568E-03
-162.15560916529 -3.7881007883698E-03
-162.67238904284 -4.8233415000141E-03
-163.1891689204 1.308002974838E-03
-163.70594879796 0.012079898267984
-164.22272867551 8.1787565723062E-03
-164.73950855307 3.3566234633327E-03
-165.25628843063 3.6273261066526E-03
-165.77306830818 4.1840691119432E-03
-166.28984818574 4.9520013853908E-03
-166.8066280633 5.2391085773706E-03
-167.32340794085 -2.3883692920208E-03
-167.84018781841 -8.9559832122177E-04
-168.35696769597 4.9171536229551E-03
-168.87374757352 -2.6299704331905E-03
-169.39052745108 -4.8259850591421E-03
-169.90730732864 -6.6514196805656E-04
-170.42408720619 6.3991299830377E-03
-170.94086708375 6.463241763413E-03
-171.45764696131 3.9219851605594E-03
-171.97442683886 -2.1474061068147E-03
-172.49120671642 2.159520983696E-03
-173.00798659398 6.0723479837179E-03
-173.52476647154 3.3758841454983E-03
-174.04154634909 6.3000957015902E-04
-174.55832622665 5.2375942468643E-03
-175.07510610421 6.4605951774865E-04
-175.59188598176 -2.3593418300152E-03
-176.10866585932 -3.2849838025868E-03
-176.62544573688 -6.495816167444E-03
-177.14222561443 -2.3845883551985E-03
-177.65900549199 -4.7121447278187E-04
-178.17578536955 -1.6148085705936E-03
-178.6925652471 -8.1383268116042E-04
-179.20934512466 1.1272225528955E-03
-179.72612500222 -2.4656902533025E-03
-180.24290487977 -9.814539225772E-06
-180.75968475733 -2.7875420637429E-03
-181.27646463489 -2.2585862316191E-03
-181.79324451244 3.0874344520271E-03
-182.31002439 1.6696008387953E-03
-182.82680426756 3.0485657043755E-04
-183.34358414511 -3.2926542917266E-04
-183.86036402267 1.0434885043651E-03
-184.37714390023 -1.266930019483E-03
-184.89392377778 -3.8508342113346E-03
-185.41070365534 -6.0507352463901E-04
-185.9274835329 3.397191176191E-03
-186.44426341045 5.0653391517699E-03
-186.96104328801 0.010338401421905
-187.47782316557 0.012635632418096
-187.99460304312 0.011331689544022
-188.51138292068 0.012592070735991
-189.02816279824 0.021611958742142
-189.54494267579 0.023441074416041
-190.06172255335 0.013780971989036
-190.57850243091 9.0137561783195E-03
-191.09528230846 4.0087560191751E-03
-191.61206218602 -3.0794304329902E-03
-192.12884206358 -2.8903370257467E-03
-192.64562194113 -2.1673094015568E-03
-193.16240181869 7.5939757516608E-04
-193.67918169625 7.4017298175022E-04
-194.19596157381 -1.1574474629015E-03
-194.71274145136 -3.0852954369038E-03
-195.22952132892 -7.4746422469616E-03
-195.74630120648 -2.945308573544E-03
-196.26308108403 1.1784876696765E-03
-196.77986096159 -7.3997594881803E-05
-197.29664083915 -7.7681324910372E-04
-197.8134207167 -4.8276054440066E-04
-198.33020059426 4.7168042510748E-04
-198.84698047182 1.3751871883869E-03
-199.36376034937 -4.8823240213096E-03
-199.88054022693 -2.5935019366443E-03
-200.39732010449 7.0744939148426E-03
-200.91409998204 3.8898685015738E-03
-201.4308798596 -4.093982744962E-03
-201.94765973716 -3.306332975626E-03
-202.46443961471 -5.0864857621491E-04
-202.98121949227 3.8709328509867E-03
-203.49799936983 4.9511799588799E-03
-204.01477924738 -4.0680412203074E-03
-204.53155912494 -1.3453362043947E-03
-205.0483390025 -2.8873013798147E-03
-205.56511888005 -1.7224762123078E-03
-206.08189875761 3.1697945669293E-03
-206.59867863517 -1.4716351870447E-03
-207.11545851272 -2.9498375952244E-03
-207.63223839028 -5.1747811958194E-03
-208.14901826784 -1.8155909492634E-04
-208.66579814539 2.5151439476758E-03
-209.18257802295 -3.2023068051785E-03
-209.69935790051 -5.4467720910907E-03
-210.21613777806 -2.8530603740364E-03
-210.73291765562 -3.6103505408391E-05
-211.24969753318 2.3656277917325E-03
-211.76647741073 -1.0905186645687E-03
-212.28325728829 -4.1319755837321E-03
-212.80003716585 4.8552465159446E-05
-213.3168170434 2.3712641559541E-03
-213.83359692096 7.6644271612167E-03
-214.35037679852 4.1891918517649E-03
-214.86715667608 -6.0276160947978E-03
-215.38393655363 -8.1115523353219E-03
-215.90071643119 6.9109746254981E-04
-216.41749630875 6.0145417228341E-03
-216.9342761863 4.0297224186361E-03
-217.45105606386 -4.5243935892358E-04
-217.96783594142 -2.4313656613231E-03
-218.48461581897 2.780050970614E-03
-219.00139569653 1.1389581486583E-03
-219.51817557409 2.7036634273827E-03
-220.03495545164 -7.0896709803492E-04
-220.5517353292 -3.4982468932867E-03
-221.06851520676 8.8159600272775E-04
-221.58529508431 -3.9550708606839E-04
-222.10207496187 -2.1097804419696E-03
-222.61885483943 -4.75590582937E-03
-223.13563471698 9.7295269370079E-04
-223.65241459454 -2.8709876351058E-03
-224.1691944721 -3.3527440391481E-03
-224.68597434965 -2.1790692117065E-03
-225.20275422721 -4.4685462489724E-03
-225.71953410477 -1.2388470349833E-03
-226.23631398232 -2.2965811658651E-03
-226.75309385988 -8.303580689244E-04
-227.26987373744 2.2208604495972E-03
-227.78665361499 5.80960419029E-04
-228.30343349255 2.8752246871591E-03
-228.82021337011 5.2583031356335E-03
-229.33699324766 -1.2817969545722E-03
-229.85377312522 -2.3679323494434E-03
-230.37055300278 -3.899892559275E-03
-230.88733288033 -6.3633308745921E-03
-231.40411275789 -7.0916386321187E-03
-231.92089263545 -2.9813211876899E-03
-232.437672513 -3.758747363463E-03
-232.95445239056 -3.493940923363E-03
-233.47123226812 -5.7427794672549E-03
-233.98801214567 7.3129282100126E-05
-234.50479202323 2.9737059958279E-03
-235.02157190079 -1.9124989630654E-03
-235.53835177835 -1.9027409143746E-03
-236.0551316559 -3.9818128570914E-03
-236.57191153346 -8.9925145730376E-03
-237.08869141102 -5.7410299777985E-03
-237.60547128857 1.6153648030013E-03
-238.12225116613 4.3947361409664E-03
-238.63903104369 1.4359510969371E-03
-239.15581092124 4.6480689197779E-03
-239.6725907988 3.1544046942145E-03
-240.18937067636 -4.2780772782862E-03
-240.70615055391 6.3360827043653E-03
-241.22293043147 7.2891432791948E-03
-241.73971030903 -6.7752911709249E-03
-242.25649018658 -5.2081188187003E-03
-242.77327006414 7.5749587267637E-03
-243.2900499417 6.6753569990396E-03
-243.80682981925 8.8579216971993E-03
-244.32360969681 6.0979123227298E-03
-244.84038957437 1.5175583539531E-03
-245.35716945192 -3.8453871384263E-03
-245.87394932948 -4.5357244089246E-03
-246.39072920704 -2.9121406842023E-03
-246.90750908459 1.9931944552809E-03
-247.42428896215 3.0985379125923E-03
-247.94106883971 -1.0421035112813E-03
-248.45784871726 -4.3693683110178E-03
-248.97462859482 2.3175063543022E-03
-249.49140847238 -6.3087773742154E-04
-250.00818834993 -2.2921110503376E-03
-250.52496822749 -1.0172671172768E-03
-251.04174810505 -4.2672120034695E-03
-251.5585279826 -2.3849241551943E-04
-252.07530786016 6.036588922143E-03
-252.59208773772 0.011499186977744
-253.10886761527 6.1991075053811E-03
-253.62564749283 2.2639778908342E-03
-254.14242737039 3.0410785693675E-03
-254.65920724794 -5.45815739315E-04
-255.1759871255 7.1219145320356E-04
-255.69276700306 1.7113768262789E-04
-256.20954688062 3.396118292585E-03
-256.72632675817 4.6066893264651E-03
-257.24310663573 2.6881594676524E-03
-257.75988651329 -9.4863789854571E-05
-258.27666639084 -7.8901052474976E-03
-258.7934462684 -2.6321487966925E-03
-259.31022614596 3.4271564800292E-03
-259.82700602351 9.6110545564443E-04
-260.34378590107 -1.3238154351711E-03
-260.86056577863 -3.8045172113925E-03
-261.37734565618 2.3328309180215E-04
-261.89412553374 2.2230686154217E-03
-262.4109054113 6.1628399416804E-03
-262.92768528885 3.6312262527645E-03
-263.44446516641 -7.4905471410602E-04
-263.96124504397 5.8246091939509E-03
-264.47802492152 7.1979090571404E-03
-264.99480479908 8.8013531640172E-03
-265.51158467664 5.056893453002E-03
-266.02836455419 -4.3898038566113E-03
-266.54514443175 -4.4420091435313E-03
-267.06192430931 1.1913703056052E-03
-267.57870418686 -2.6295271236449E-03
-268.09548406442 -8.1811230629683E-03
-268.61226394198 -3.400299930945E-03
-269.12904381953 1.9025797955692E-03
-269.64582369709 -4.1546868160367E-03
-270.16260357465 -2.3024785332382E-03
-270.6793834522 1.900247996673E-03
-271.19616332976 -1.3533791061491E-03
-271.71294320732 -2.5684151332825E-03
-272.22972308487 -2.542287344113E-03
-272.74650296243 -4.3436242267489E-03
-273.26328283999 -2.1321454551071E-03
-273.78006271754 6.2793644610792E-04
-274.2968425951 1.7680055461824E-03
-274.81362247266 -2.5746779283509E-04
-275.33040235021 1.3246246380731E-03
-275.84718222777 -3.8544676499441E-05
-276.36396210533 -2.6604880113155E-03
-276.88074198289 -7.4147974373773E-05
-277.39752186044 6.1153843998909E-03
-277.914301738 1.4283922500908E-03
-278.43108161556 1.0583606781438E-03
-278.94786149311 -1.0051819263026E-03
-279.46464137067 -2.9828436672688E-03
-279.98142124823 -3.7738985847682E-03
-280.49820112578 -5.7692369446158E-03
-281.01498100334 -6.3036368228495E-03
-281.5317608809 -2.3108457680792E-03
-282.04854075845 -2.4355673231184E-03
-282.56532063601 2.6814718730748E-03
-283.08210051357 1.4245357597247E-03
-283.59888039112 -3.0230204574764E-03
-284.11566026868 -5.0353268161416E-03
-284.63244014624 -6.0871839523315E-03
-285.14922002379 4.1199554689229E-03
-285.66599990135 -6.9018016802147E-04
-286.18277977891 -7.9268589615822E-03
-286.69955965646 -7.846899330616E-03
-287.21633953402 -6.0647795908153E-03
-287.73311941158 -2.9822841752321E-03
-288.24989928913 -2.3934179916978E-03
-288.76667916669 2.26936256513E-03
-289.28345904425 5.1994170062244E-03
-289.8002389218 -5.3579942323267E-04
-290.31701879936 -4.0864630136639E-04
-290.83379867692 -6.5052247373387E-04
-291.35057855447 -2.8798617422581E-03
-291.86735843203 -3.1139124184847E-03
-292.38413830959 2.1065056789666E-03
-292.90091818714 4.3573011644185E-03
-293.4176980647 -3.1239700037986E-03
-293.93447794226 -1.8405574373901E-03
-294.45125781981 4.0554432198405E-03
-294.96803769737 4.3707592412829E-03
-295.48481757493 3.9152384852059E-04
-296.00159745248 -1.4930872712284E-03
-296.51837733004 2.55704857409E-03
-297.0351572076 5.1112077198923E-03
-297.55193708516 6.9839144125581E-03
-298.06871696271 6.4616920426488E-03
-298.58549684027 7.3403853457421E-04
-299.10227671783 -2.983761485666E-03
-299.61905659538 -5.2422950975597E-03
-300.13583647294 7.365268538706E-05
-300.6526163505 -2.1616304293275E-03
-301.16939622805 -4.0315412916243E-03
-301.68617610561 -3.7903790362179E-03
-302.20295598317 2.9240378644317E-03
-302.71973586072 5.7910946197808E-03
-303.23651573828 -6.3834188040346E-04
-303.75329561584 -3.5099929664284E-04
-304.27007549339 2.4394989013672E-03
-304.78685537095 4.6280766837299E-03
-305.30363524851 2.9853309970349E-03
-305.82041512606 1.4582460280508E-03
-306.33719500362 -4.8799924552441E-03
-306.85397488118 -7.6308147981763E-03
-307.37075475873 -5.6398436427116E-03
-307.88753463629 -3.0148378573358E-03
-308.40431451385 4.8412382602692E-03
-308.9210943914 9.7883050329983E-04
-309.43787426896 -3.7493011914194E-03
-309.95465414652 -4.4936970807612E-03
-310.47143402407 -8.3274999633431E-03
-310.98821390163 -5.500353872776E-03
-311.50499377919 2.6982864364982E-03
-312.02177365674 -2.8987361583859E-03
-312.5385535343 -1.9653285853565E-03
-313.05533341186 -9.4118306878954E-04
-313.57211328941 -4.3539949692786E-03
-314.08889316697 -3.1963055953383E-03
-314.60567304453 -7.5973919592798E-04
-315.12245292208 -8.0443976912647E-04
-315.63923279964 -1.1656512506306E-03
-316.1560126772 2.4260729551315E-03
-316.67279255475 6.9538148818538E-04
-317.18957243231 -3.3913173247129E-03
-317.70635230987 -7.0580593310297E-03
-318.22313218743 -8.5371993482113E-03
-318.73991206498 -3.1861255411059E-03
-319.25669194254 1.857744762674E-03
-319.7734718201 1.0443734936416E-04
-320.29025169765 -2.5626390706748E-03
-320.80703157521 -1.0138570796698E-03
-321.32381145277 1.7955675721169E-03
-321.84059133032 -9.1240217443556E-04
-322.35737120788 -7.869784720242E-03
-322.87415108544 -4.8416769132018E-03
-323.39093096299 7.0787506410852E-04
-323.90771084055 2.7019903063774E-04
-324.42449071811 8.9028890943155E-04
-324.94127059566 5.1455600187182E-03
-325.45805047322 1.9668063614517E-03
-325.97483035078 1.4896737411618E-03
-326.49161022833 1.0035187005997E-03
-327.00839010589 -5.3094583563507E-05
-327.52516998345 -1.4366928953677E-03
-328.041949861 -6.3304114155471E-03
-328.55872973856 -4.7978810034692E-03
-329.07550961612 -4.3706800788641E-03
-329.59228949367 2.5430656969547E-03
-330.10906937123 7.5233341194689E-03
-330.62584924879 3.2128295861185E-03
-331.14262912634 -2.370293950662E-03
-331.6594090039 -6.9795614108443E-03
-332.17618888146 -4.5992648229003E-03
-332.69296875901 1.5318564837798E-03
-333.20974863657 4.4825454242527E-03
-333.72652851413 -2.1836813539267E-03
-334.24330839168 3.3740894286893E-04
-334.76008826924 -2.7986851055175E-03
-335.2768681468 -7.9656923189759E-03
-335.79364802435 -4.708300344646E-03
-336.31042790191 -3.6381289828569E-03
-336.82720777947 -6.8025132641196E-03
-337.34398765702 -6.8892813287675E-03
-337.86076753458 -9.4439985696226E-04
-338.37754741214 2.7711261063814E-03
-338.8943272897 3.5310594830662E-03
-339.41110716725 3.7733023054898E-03
-339.92788704481 1.2833272921853E-04
-340.44466692237 -7.6373964548111E-03
-340.96144679992 -4.1925548575819E-03
-341.47822667748 -1.8340771785006E-03
-341.99500655504 -2.5397578720003E-03
-342.51178643259 1.5625666128471E-03
-343.02856631015 -1.1367158731446E-03
-343.54534618771 -4.0079895406961E-03
-344.06212606526 -5.5236518383026E-03
-344.57890594282 -3.0347697902471E-03
-345.09568582038 -3.2661517616361E-03
-345.61246569793 3.4196118940599E-04
-346.12924557549 6.1275865882635E-03
-346.64602545305 3.7341490387917E-03
-347.1628053306 -3.4577266778797E-03
-347.67958520816 -5.2815722301602E-03
-348.19636508572 -3.7040265742689E-03
-348.71314496327 -3.4100543707609E-03
-349.22992484083 -3.5675740800798E-03
-349.74670471839 -1.658612745814E-04
-350.26348459594 -3.6077381810173E-04
-350.7802644735 -4.7878525219858E-03
-351.29704435106 -4.5349765568972E-03
-351.81382422861 -4.3580550700426E-03
-352.33060410617 -3.7645464763045E-03
-352.84738398373 -5.1946886815131E-03
-353.36416386128 -9.6127176657319E-03
-353.88094373884 -9.9925436079502E-03
-354.3977236164 -8.0240936949849E-03
-354.91450349395 -2.1235742606223E-03
-355.43128337151 -1.442500972189E-03
-355.94806324907 -2.1755148191005E-03
-356.46484312662 -1.4977914979681E-03
-356.98162300418 -5.949197220616E-04
-357.49840288174 -6.1901222215965E-04
-358.01518275929 5.1862618420273E-04
-358.53196263685 -1.4908739831299E-04
-359.04874251441 -4.3117157183588E-03
-359.56552239197 -3.4996215254068E-03
-360.08230226952 -4.9289353191853E-03
-360.59908214708 -3.7998578045517E-03
-361.11586202464 1.2804850703105E-03
-361.63264190219 5.313252331689E-04
-362.14942177975 -4.2244717478752E-03
-362.66620165731 -3.5570950713009E-03
-363.18298153486 2.4751762393862E-03
-363.69976141242 1.1427643476054E-03
-364.21654128998 -2.7963807806373E-03
-364.73332116753 -4.4410168193281E-03
-365.25010104509 -9.3420589109883E-04
-365.76688092265 -3.9568329229951E-03
-366.2836608002 -6.7772720940411E-03
-366.80044067776 3.0144164338708E-03
-367.31722055532 -3.795797470957E-03
-367.83400043287 -2.8439541347325E-03
-368.35078031043 4.6110264956951E-03
-368.86756018799 4.1195577941835E-03
-369.38434006554 3.8782833144069E-03
-369.9011199431 -1.4448578003794E-03
-370.41789982066 -4.271503072232E-03
-370.93467969821 -2.6600300334394E-03
-371.45145957577 -2.905507106334E-03
-371.96823945333 -9.1240964829922E-03
-372.48501933088 -3.8247928023338E-03
-373.00179920844 7.5601027347147E-03
-373.518579086 3.5689109936357E-03
-374.03535896355 4.9413777887821E-03
-374.55213884111 1.8502915045246E-03
-375.06891871867 -6.0588179621845E-04
-375.58569859622 2.4578217417002E-03
-376.10247847378 4.7944965772331E-03
-376.61925835134 -8.0834899563342E-05
-377.13603822889 -3.4216907806695E-03
-377.65281810645 -2.1817858796567E-03
-378.16959798401 -7.4120156932622E-04
-378.68637786156 2.3685221094638E-04
-379.20315773912 8.963325060904E-03
-379.71993761668 2.8287111781538E-03
-380.23671749424 -3.9531178772449E-03
-380.75349737179 -1.1840939987451E-03
-381.27027724935 3.0611655674875E-03
-381.78705712691 0.010244179517031
-382.30383700446 9.8201800137758E-03
-382.82061688202 6.813214160502E-03
-383.33739675958 -4.5266780070961E-03
-383.85417663713 -6.1121890321374E-03
-384.37095651469 8.6782881990075E-03
-384.88773639225 8.3758803084493E-03
-385.4045162698 -3.7416676059365E-03
-385.92129614736 3.0179223977029E-03
-386.43807602492 9.8658734932542E-03
-386.95485590247 3.3423155546188E-03
-387.47163578003 -1.6667763702571E-03
-387.98841565759 -1.0104160173796E-04
-388.50519553514 1.2276875786483E-03
-389.0219754127 6.1764097772539E-03
-389.53875529026 4.1129239834845E-03
-390.05553516781 3.7090897094458E-03
-390.57231504537 6.456627510488E-03
-391.08909492293 0.012958818115294
-391.60587480048 0.043014720082283
-392.12265467804 0.11851219087839
-392.6394345556 0.22353562712669
-393.15621443315 0.33107727766037
-393.67299431071 0.41863086819649
-394.18977418827 0.42000022530556
-394.70655406582 0.34653857350349
-395.22333394338 0.28683859109879
-395.74011382094 0.25845155119896
-396.25689369849 0.20535254478455
-396.77367357605 0.12303204089403
-397.29045345361 0.062832355499268
-397.80723333116 0.040528148412704
-398.32401320872 0.042702786624432
-398.84079308628 0.079428113996983
-399.35757296383 0.16761866211891
-399.87435284139 0.30780312418938
-400.39113271895 0.4694404900074
-400.90791259651 0.68748128414154
-401.42469247406 0.89503002166748
-401.94147235162 0.89283013343811
-402.45825222918 0.76663440465927
-402.97503210673 0.68018847703934
-403.49181198429 0.58514970541
-404.00859186185 0.41379511356354
-404.5253717394 0.22112177312374
-405.04215161696 0.10343781858683
-405.55893149452 0.052398476749659
-406.07571137207 0.026919120922685
-406.59249124963 0.015211998485029
-407.10927112719 0.014742690138519
-407.62605100474 0.012777824886143
-408.1428308823 8.0497702583671E-03
-408.65961075986 6.7116520367563E-03
-409.17639063741 5.8120400644839E-03
-409.69317051497 2.3777012247592E-03
-410.20995039253 -1.8748672446236E-03
-410.72673027008 -1.886224723421E-03
-411.24351014764 -7.4596400372684E-04
-411.7602900252 -4.6113985590637E-03
-412.27706990275 3.5673142410815E-03
-412.79384978031 5.6289415806532E-03
-413.31062965787 -7.4582248926163E-03
-413.82740953542 -8.0798519775271E-03
-414.34418941298 -8.4845824167132E-03
-414.86096929054 1.9363260362297E-03
-415.37774916809 6.6681359894574E-03
-415.89452904565 7.2869956493378E-03
-416.41130892321 5.9855002909899E-03
-416.92808880076 6.5093711018562E-03
-417.44486867832 7.3528606444597E-03
-417.96164855588 7.1746674366295E-03
-418.47842843343 4.3164948001504E-03
-418.99520831099 2.89870146662E-03
-419.51198818855 5.9876423329115E-03
-420.0287680661 1.4333188300952E-03
-420.54554794366 -3.984703682363E-03
-421.06232782122 2.9020486399531E-03
-421.57910769878 0.012127136811614
-422.09588757633 0.034260924905539
-422.61266745389 0.088187642395496
-423.12944733145 0.16732251644135
-423.646227209 0.25483253598213
-424.16300708656 0.32204005122185
-424.67978696412 0.30813521146774
-425.19656684167 0.24541708827019
-425.71334671923 0.20913851261139
-426.23012659679 0.18265600502491
-426.74690647434 0.13501597940922
-427.2636863519 0.073093809187412
-427.78046622946 0.038169115781784
-428.29724610701 0.019084038212895
-428.81402598457 0.012931262142956
-429.33080586213 8.624292910099E-03
-429.84758573968 -4.6751258196309E-04
-430.36436561724 -3.1254745554179E-03
-430.8811454948 -2.7464821469039E-03
-431.39792537235 -9.1339868959039E-05
-431.91470524991 -2.0898580551147E-03
-432.43148512747 7.250810158439E-04
-432.94826500502 2.9272655956447E-03
-433.46504488258 2.0803287625313E-03
-433.98182476014 2.647255314514E-03
-434.49860463769 6.082238163799E-03
-435.01538451525 6.8612177856266E-03
-435.53216439281 1.0655701626092E-03
-436.04894427036 -2.9138333629817E-03
-436.56572414792 -1.2896640691906E-03
-437.08250402548 -3.2117255032063E-03
-437.59928390303 -5.1234480924904E-03
-438.11606378059 6.4208055846393E-05
-438.63284365815 4.2945160530508E-03
-439.1496235357 9.510992676951E-04
-439.66640341326 3.1582342926413E-03
-440.18318329082 1.9558325875551E-03
-440.69996316837 -9.0720294974744E-04
-441.21674304593 3.0950440559536E-03
-441.73352292349 8.9444610057399E-04
-442.25030280105 -5.1077422685921E-03
-442.7670826786 -5.0230552442372E-03
-443.28386255616 -5.0664385780692E-03
-443.80064243372 2.6729779783636E-03
-444.31742231127 2.8867311775684E-03
-444.83420218883 4.3810810893774E-04
-445.35098206639 2.6879229117185E-03
-445.86776194394 9.8289847373962E-03
-446.3845418215 0.027032213285565
-446.90132169906 0.076805964112282
-447.41810157661 0.16050747036934
-447.93488145417 0.25435626506805
-448.45166133173 0.33565163612366
-448.96844120928 0.36119499802589
-449.48522108684 0.30283543467522
-450.0020009644 0.24580618739128
-450.51878084195 0.22189669311047
-451.03556071951 0.18720522522926
-451.55234059707 0.12009585648775
-452.06912047462 0.056890331208706
-452.58590035218 0.026189317926764
-453.10268022974 0.016166463494301
-453.61946010729 8.9017376303673E-03
-454.13623998485 3.3966421615332E-03
-454.65301986241 -1.5376764349639E-03
-455.16979973996 3.0018063262105E-03
-455.68657961752 5.5725052952766E-03
-456.20335949508 -1.1422828538343E-03
-456.72013937263 -7.2327652014792E-03
-457.23691925019 -4.7868627007119E-04
-457.75369912775 2.9045082628727E-03
-458.2704790053 1.6637700609863E-03
-458.78725888286 1.8377122469246E-03
-459.30403876042 -4.7621191479266E-03
-459.82081863797 -1.5384946018457E-03
-460.33759851553 3.4088050015271E-03
-460.85437839309 -2.4994404520839E-03
-461.37115827064 -6.4348517917097E-03
-461.8879381482 -2.0638850983232E-03
-462.40471802576 -1.3656857190654E-03
-462.92149790331 1.7635975964367E-03
-463.43827778087 7.6274765888229E-05
-463.95505765843 -7.6959561556578E-03
-464.47183753599 -3.1643090769649E-03
-464.98861741354 1.1861704988405E-03
-465.5053972911 -3.5166344605386E-03
-466.02217716866 -2.822405891493E-03
-466.53895704621 3.9731684955768E-04
-467.05573692377 4.5012167538516E-04
-467.57251680133 1.6047982499003E-03
-468.08929667888 2.6375644374639E-03
-468.60607655644 -4.1231056675315E-03
-469.122856434 -7.8593781217933E-03
-469.63963631155 -6.1837015673518E-03
-470.15641618911 -1.7137298127636E-03
-470.67319606667 -1.6686410526745E-04
-471.18997594422 2.5479854084551E-03
-471.70675582178 1.4781779609621E-03
-472.22353569934 -2.8655352070928E-03
-472.74031557689 -4.353214520961E-03
-473.25709545445 3.8703535683453E-03
-473.77387533201 -1.5733010368422E-03
-474.29065520956 -5.8723846450448E-03
-474.80743508712 2.1016227547079E-03
-475.32421496468 1.0915632592514E-03
-475.84099484223 -7.6792383333668E-04
-476.35777471979 1.3775129336864E-03
-476.87455459735 6.2176808714867E-03
-477.3913344749 0.013423882424831
-477.90811435246 0.032028611749411
-478.42489423002 0.052773479372263
-478.94167410757 0.064180992543697
-479.45845398513 0.06419637799263
-479.97523386269 0.046473510563374
-480.49201374024 0.037204191088676
-481.0087936178 0.028493236750364
-481.52557349536 0.021686688065529
-482.04235337291 0.016491888090968
-482.55913325047 5.8264648541808E-03
-483.07591312803 5.4259663447738E-03
-483.59269300559 2.9601827263832E-03
-484.10947288314 -1.8188882386312E-03
-484.6262527607 -2.5507241953164E-03
-485.14303263826 -1.1753139551729E-03
-485.65981251581 4.7138379886746E-03
-486.17659239337 4.7978144139051E-03
-486.69337227093 1.0390768293291E-03
-487.21015214848 -4.4662086293101E-03
-487.72693202604 -5.526090040803E-03
-488.2437119036 6.1289058066905E-04
-488.76049178115 3.4746169112623E-03
-489.27727165871 1.3042265782133E-03
-489.79405153627 2.9705469496548E-03
-490.31083141382 2.2830066736788E-03
-490.82761129138 -2.3722925106995E-04
-491.34439116894 -3.7352896761149E-03
-491.86117104649 -9.4055430963635E-04
-492.37795092405 3.6010888870806E-03
-492.89473080161 -1.8967079231516E-03
-493.41151067916 -2.449098508805E-03
-493.92829055672 1.6903253272176E-03
-494.44507043428 1.271954504773E-03
-494.96185031183 4.3578911572695E-03
-495.47863018939 5.3734555840492E-03
-495.99541006695 1.1757103493437E-03
-496.5121899445 4.2831962928176E-03
-497.02896982206 6.1277877539396E-03
-497.54574969962 7.6881553977728E-03
-498.06252957717 5.4825493134558E-03
-498.57930945473 6.5214028581977E-03
-499.09608933229 2.6189074851573E-03
-499.61286920984 1.9774821121246E-03
-500.1296490874 2.1561807952821E-03
-500.64642896496 9.8373997025192E-04
-501.16320884251 2.3847292177379E-03
-501.67998872007 6.1585416551679E-04
-502.19676859763 2.1440074779093E-03
-502.71354847518 -2.5538965128362E-03
-503.23032835274 1.12660380546E-03
-503.7471082303 -3.4543382935226E-04
-504.26388810785 1.3762097805738E-03
-504.78066798541 7.2747031226754E-03
-505.29744786297 3.1609470024705E-03
-505.81422774053 -2.032361458987E-03
-506.33100761808 -3.5956038627774E-03
-506.84778749564 1.5756911598146E-03
-507.3645673732 -7.3220563353971E-04
-507.88134725075 7.003250066191E-04
-508.39812712831 4.0579694323242E-03
-508.91490700587 1.9243466667831E-03
-509.43168688342 -1.5439303824678E-03
-509.94846676098 -5.062866024673E-03
-510.46524663854 -2.4331617169082E-03
-510.98202651609 -1.5230622375384E-03
-511.49880639365 3.1559140188619E-04
-512.01558627121 -3.5323936026543E-04
-512.53236614876 -1.1204816401005E-03
-513.04914602632 2.5198813527822E-03
-513.56592590388 1.4851114246994E-03
-514.08270578143 4.9488358199596E-03
-514.59948565899 6.8345805630088E-03
-515.11626553655 2.1842934656888E-03
-515.6330454141 -3.5482953535393E-04
-516.14982529166 -1.1473461054265E-03
-516.66660516922 2.2419246379286E-03
-517.18338504677 2.7865120209754E-03
-517.70016492433 2.5570900179446E-03
-518.21694480189 3.1969777774066E-03
-518.73372467944 1.2093017576262E-03
-519.250504557 1.9051032140851E-03
-519.76728443456 -1.4358074404299E-03
-520.28406431211 -3.5712027456611E-03
-520.80084418967 -2.3631856311113E-03
-521.31762406723 -2.8998802881688E-03
-521.83440394478 1.1560280108824E-03
-522.35118382234 2.409084700048E-03
-522.8679636999 -3.8762968033552E-03
-523.38474357745 -5.399196408689E-03
-523.90152345501 1.1296489974484E-03
-524.41830333257 2.0264678169042E-03
-524.93508321012 2.8437864966691E-03
-525.45186308768 4.3891444802284E-03
-525.96864296524 1.4487814623863E-03
-526.4854228428 -3.9285067468882E-03
-527.00220272035 -3.1605621334165E-03
-527.51898259791 -3.2521972898394E-03
-528.03576247547 -4.6933703124523E-03
-528.55254235302 -1.4826932456344E-03
-529.06932223058 2.2895829752088E-03
-529.58610210814 3.0846751760691E-03
-530.10288198569 3.4738448448479E-03
-530.61966186325 -6.2079780036584E-04
-531.13644174081 -2.7179908938706E-03
-531.65322161836 -1.7654867842793E-03
-532.17000149592 2.2446657530963E-03
-532.68678137348 2.6332004927099E-03
-533.20356125103 3.9653130806983E-03
-533.72034112859 2.905648900196E-03
-534.23712100615 6.7537780851126E-03
-534.7539008837 2.1628201939166E-03
-535.27068076126 -1.5935405390337E-03
-535.78746063882 -3.0904405284673E-03
-536.30424051637 -2.8602201491594E-03
-536.82102039393 2.4540378944948E-04
-537.33780027149 6.8975146859884E-04
-537.85458014904 8.9970888802782E-04
-538.3713600266 8.632448152639E-04
-538.88813990416 -1.7828370910138E-03
-539.40491978171 1.9378699362278E-03
-539.92169965927 6.6639091819525E-03
-540.43847953683 1.5234688762575E-03
-540.95525941438 2.3425600957125E-03
-541.47203929194 3.7806686013937E-03
-541.9888191695 8.0661405809224E-04
-542.50559904705 1.4928907621652E-03
-543.02237892461 5.3600985556841E-03
-543.53915880217 3.0158262234181E-03
-544.05593867972 -5.5922090541571E-04
-544.57271855728 3.6280550993979E-03
-545.08949843484 4.901431966573E-03
-545.6062783124 5.2406415343285E-03
-546.12305818995 3.9391098544002E-03
-546.63983806751 -6.3080486143008E-04
-547.15661794507 -9.2437723651528E-03
-547.67339782262 -1.9339059945196E-03
-548.19017770018 2.1120943129063E-03
-548.70695757774 -5.3750700317323E-03
-549.22373745529 -4.5070997439325E-03
-549.74051733285 -2.3255092091858E-03
-550.25729721041 -4.0174908936024E-03
-550.77407708796 -2.1653040312231E-03
-551.29085696552 3.682179376483E-04
-551.80763684308 -1.1847751447931E-03
-552.32441672063 -3.135031554848E-03
-552.84119659819 -1.0364687768742E-03
-553.35797647575 -5.3912764415145E-03
-553.8747563533 -4.3550315313041E-03
-554.39153623086 -2.6680456940085E-03
-554.90831610842 4.5942291617393E-03
