1.1309524410503E+05 8.2412473857403E-03
1.1309543934569E+05 -1.7750428523868E-03
1.1309563458634E+05 -4.9117584712803E-03
1.13095829827E+05 -5.8381101116538E-03
1.1309602506766E+05 -6.4884861931205E-03
1.1309622030831E+05 8.0480435863137E-03
1.1309641554897E+05 2.0771818235517E-03
1.1309661078963E+05 -2.6377257890999E-03
1.1309680603029E+05 5.1909852772951E-03
1.1309700127094E+05 5.8398256078362E-03
1.130971965116E+05 -4.6133925206959E-03
1.1309739175226E+05 -5.45718614012E-03
1.1309758699292E+05 -1.1009310837835E-03
1.1309778223357E+05 -3.7687865551561E-03
1.1309797747423E+05 -4.6429508365691E-03
1.1309817271489E+05 2.5419413577765E-03
1.1309836795555E+05 -7.796511054039E-03
1.130985631962E+05 -4.6334210783243E-03
1.1309875843686E+05 -1.7421147786081E-03
1.1309895367752E+05 -2.7281744405627E-04
1.1309914891818E+05 -9.4989286735654E-03
1.1309934415883E+05 -0.010603706352413
1.1309953939949E+05 -5.9537440538406E-03
1.1309973464015E+05 -1.0628511663526E-03
1.1309992988081E+05 4.0937839075923E-03
1.1310012512146E+05 4.8651760444045E-03
1.1310032036212E+05 2.4491983931512E-03
1.1310051560278E+05 -2.3432963062078E-03
1.1310071084344E+05 1.1608990607783E-03
1.1310090608409E+05 -1.1237617582083E-04
1.1310110132475E+05 3.0362629331648E-05
1.1310129656541E+05 -2.0645768381655E-03
1.1310149180607E+05 -1.034690765664E-03
1.1310168704672E+05 8.3953738212585E-03
1.1310188228738E+05 3.6556723061949E-03
1.1310207752804E+05 -4.6191224828362E-04
1.131022727687E+05 2.4698199704289E-03
1.1310246800935E+05 1.6264636069536E-03
1.1310266325001E+05 9.1921328566968E-04
1.1310285849067E+05 8.1728032091632E-04
1.1310305373133E+05 -2.577954903245E-03
1.1310324897198E+05 2.4670986458659E-03
1.1310344421264E+05 7.2500761598349E-04
1.131036394533E+05 9.0680422727019E-04
1.1310383469396E+05 7.0851482450962E-03
1.1310402993461E+05 9.4310268759727E-03
1.1310422517527E+05 3.3179362071678E-04
1.1310442041593E+05 -7.1508116088808E-03
1.1310461565659E+05 2.8409236110747E-03
1.1310481089724E+05 -1.6713317018002E-04
1.131050061379E+05 1.4800576027483E-03
1.1310520137856E+05 4.4327299110591E-03
1.1310539661921E+05 5.130140343681E-04
1.1310559185987E+05 5.2935173735023E-03
1.1310578710053E+05 -0.010453199967742
1.1310598234119E+05 -6.7576291039586E-03
1.1310617758184E+05 6.0179671272635E-03
1.131063728225E+05 1.6368061769754E-03
1.1310656806316E+05 8.9323446154594E-03
1.1310676330382E+05 -9.2663690447807E-03
1.1310695854447E+05 -8.0342520959675E-05
1.1310715378513E+05 -4.8742187209427E-04
1.1310734902579E+05 -6.904472829774E-04
1.1310754426645E+05 1.8740468658507E-04
1.131077395071E+05 1.6860477626324E-03
1.1310793474776E+05 1.2834649533033E-04
1.1310812998842E+05 -5.3091552108526E-03
1.1310832522908E+05 -4.4026738032699E-03
1.1310852046973E+05 1.7109332839027E-03
1.1310871571039E+05 2.3614703677595E-03
1.1310891095105E+05 -2.8365093749017E-03
1.1310910619171E+05 5.1895743235946E-03
1.1310930143236E+05 -6.7760553210974E-03
1.1310949667302E+05 -1.3875134754926E-04
1.1310969191368E+05 5.3270338103175E-03
1.1310988715434E+05 5.7336334139109E-03
1.1311008239499E+05 -3.4828661009669E-03
1.1311027763565E+05 3.8770446553826E-04
1.1311047287631E+05 3.0787447467446E-03
1.1311066811697E+05 -4.6376325190067E-03
1.1311086335762E+05 4.3757949024439E-03
1.1311105859828E+05 7.5800425838679E-04
1.1311125383894E+05 -1.520732184872E-03
1.131114490796E+05 -3.4599092323333E-03
1.1311164432025E+05 -6.3451817259192E-03
1.1311183956091E+05 1.016021007672E-03
1.1311203480157E+05 1.8028197810054E-03
1.1311223004223E+05 -2.3949914611876E-03
1.1311242528288E+05 -6.4023332670331E-03
1.1311262052354E+05 -2.207945799455E-03
1.131128157642E+05 -2.2966170217842E-04
1.1311301100486E+05 -3.8082064129412E-03
1.1311320624551E+05 2.1430912893265E-03
1.1311340148617E+05 4.8316558822989E-03
1.1311359672683E+05 5.7162082521245E-04
1.1311379196749E+05 -2.4647146929055E-03
1.1311398720814E+05 3.577986266464E-03
1.131141824488E+05 5.726644769311E-03
1.1311437768946E+05 -4.7157458029687E-03
1.1311457293012E+05 2.2554339375347E-03
1.1311476817077E+05 -4.403374157846E-03
1.1311496341143E+05 -0.010569326579571
1.1311515865209E+05 1.6044510994107E-03
1.1311535389274E+05 -0.010745858773589
1.131155491334E+05 -8.288599550724E-03
1.1311574437406E+05 -0.012316759675741
1.1311593961472E+05 -0.013347297906876
1.1311613485537E+05 -6.8431040272117E-03
1.1311633009603E+05 1.2971633113921E-03
1.1311652533669E+05 -3.2046167179942E-03
1.1311672057735E+05 7.1107214316726E-03
1.13116915818E+05 2.514433581382E-03
1.1311711105866E+05 0.012263182550669
1.1311730629932E+05 3.685147035867E-03
1.1311750153998E+05 3.3274041488767E-03
1.1311769678063E+05 4.2716944590211E-03
1.1311789202129E+05 -8.669525384903E-03
1.1311808726195E+05 2.3199920542538E-03
1.1311828250261E+05 -3.9207013323903E-03
1.1311847774326E+05 -2.6619925629348E-03
1.1311867298392E+05 -3.9342679083347E-03
1.1311886822458E+05 8.666418492794E-03
1.1311906346524E+05 1.9332154188305E-03
1.1311925870589E+05 -3.5887933336198E-03
1.1311945394655E+05 0.012101549655199
1.1311964918721E+05 1.6815572744235E-03
1.1311984442787E+05 2.6706093922257E-03
1.1312003966852E+05 5.3657032549381E-04
1.1312023490918E+05 -3.5515136551112E-03
1.1312043014984E+05 -1.015760935843E-03
1.131206253905E+05 -8.5853459313512E-04
1.1312082063115E+05 -7.2868494316936E-04
1.1312101587181E+05 5.2213463932276E-03
1.1312121111247E+05 8.8488198816776E-03
1.1312140635313E+05 2.9146490851417E-04
1.1312160159378E+05 1.5294529730454E-03
1.1312179683444E+05 3.5562762059271E-03
1.131219920751E+05 3.0885455198586E-03
1.1312218731576E+05 -2.8388393111527E-03
1.1312238255641E+05 7.3888758197427E-03
1.1312257779707E+05 -4.0425378829241E-03
1.1312277303773E+05 7.3628779500723E-03
1.1312296827839E+05 0.013544030487537
1.1312316351904E+05 0.02317376062274
1.131233587597E+05 0.022499782964587
1.1312355400036E+05 0.034501172602177
1.1312374924102E+05 0.023832406848669
1.1312394448167E+05 0.011400684714317
1.1312413972233E+05 0.015288535505533
1.1312433496299E+05 0.011803464964032
1.1312453020364E+05 4.8543438315392E-03
1.131247254443E+05 -1.57076632604E-03
1.1312492068496E+05 -9.9239451810718E-04
1.1312511592562E+05 4.5676734298468E-03
1.1312531116627E+05 1.6249192412943E-03
1.1312550640693E+05 3.8839562330395E-03
1.1312570164759E+05 3.7679655943066E-03
1.1312589688825E+05 3.1664213165641E-03
1.131260921289E+05 4.7329412773252E-03
1.1312628736956E+05 4.2556994594634E-03
1.1312648261022E+05 4.175771959126E-03
1.1312667785088E+05 2.6179705746472E-03
1.1312687309153E+05 -2.981617115438E-03
1.1312706833219E+05 0.011894645169377
1.1312726357285E+05 2.7540815062821E-03
1.1312745881351E+05 -1.0040355846286E-03
1.1312765405416E+05 -5.4433341138065E-03
1.1312784929482E+05 9.9725625477731E-04
1.1312804453548E+05 6.1323642730713E-03
1.1312823977614E+05 -3.2477213535458E-03
1.1312843501679E+05 3.127331729047E-04
1.1312863025745E+05 4.5086233876646E-03
1.1312882549811E+05 -5.8856327086687E-03
1.1312902073877E+05 4.9681072123349E-03
1.1312921597942E+05 1.5922065358609E-04
1.1312941122008E+05 2.2848141379654E-03
1.1312960646074E+05 2.4314827751368E-03
1.131298017014E+05 7.1727097965777E-03
1.1312999694205E+05 -1.7203523311764E-03
1.1313019218271E+05 4.9088317900896E-03
1.1313038742337E+05 3.3951115328819E-03
1.1313058266403E+05 7.943476550281E-03
1.1313077790468E+05 -4.0887519717216E-03
1.1313097314534E+05 6.597597617656E-03
1.13131168386E+05 2.5619298685342E-04
1.1313136362666E+05 2.0152139477432E-03
1.1313155886731E+05 7.9326040577143E-04
1.1313175410797E+05 4.2903318535537E-04
1.1313194934863E+05 -5.1993951201439E-03
1.1313214458929E+05 -5.9389052912593E-03
1.1313233982994E+05 8.655009791255E-03
1.131325350706E+05 -2.1108274813741E-04
1.1313273031126E+05 -1.9371849484742E-03
1.1313292555192E+05 -7.4525596573949E-03
1.1313312079257E+05 -5.4923770949244E-03
1.1313331603323E+05 -3.3139996230602E-03
1.1313351127389E+05 1.616821042262E-03
1.1313370651454E+05 4.0793484076858E-03
1.131339017552E+05 -3.0939246062189E-03
1.1313409699586E+05 -3.8436539471149E-03
1.1313429223652E+05 -2.6287140790373E-03
1.1313448747717E+05 -3.4509205725044E-03
1.1313468271783E+05 5.8968258090317E-03
1.1313487795849E+05 5.3301616571844E-03
1.1313507319915E+05 1.4042191905901E-03
1.131352684398E+05 8.1992167979479E-03
1.1313546368046E+05 6.6880439408123E-04
1.1313565892112E+05 5.0289696082473E-03
1.1313585416178E+05 2.7496395632625E-03
1.1313604940243E+05 8.7775215506554E-03
1.1313624464309E+05 6.2859985046089E-03
1.1313643988375E+05 4.772043786943E-03
1.1313663512441E+05 -1.6532670706511E-03
1.1313683036506E+05 7.2773508727551E-03
1.1313702560572E+05 1.0889321565628E-03
1.1313722084638E+05 7.0515219122171E-03
1.1313741608704E+05 -7.682841271162E-03
1.1313761132769E+05 1.2620786437765E-03
1.1313780656835E+05 -2.4748961441219E-03
1.1313800180901E+05 -6.8895304575562E-03
1.1313819704967E+05 -1.0691869538277E-03
1.1313839229032E+05 7.846915978007E-04
1.1313858753098E+05 4.3420605361462E-03
1.1313878277164E+05 -8.0485013313591E-05
1.131389780123E+05 -1.8654756713659E-03
1.1313917325295E+05 2.7478286065161E-03
1.1313936849361E+05 -2.4682958610356E-03
1.1313956373427E+05 -2.8639461379498E-04
1.1313975897493E+05 9.1528305783868E-03
1.1313995421558E+05 6.8807983770967E-03
1.1314014945624E+05 7.4290968477726E-03
1.131403446969E+05 0.012848329730332
1.1314053993756E+05 6.8830805830657E-03
1.1314073517821E+05 3.4392580855638E-03
1.1314093041887E+05 -9.0912319719791E-03
1.1314112565953E+05 -4.882316570729E-03
1.1314132090019E+05 -1.8419099505991E-03
1.1314151614084E+05 -3.9227288216352E-03
1.131417113815E+05 -0.01124370470643
1.1314190662216E+05 -8.519503287971E-03
1.1314210186282E+05 -0.010462034493685
1.1314229710347E+05 -5.4615652188659E-03
1.1314249234413E+05 -2.277675550431E-03
1.1314268758479E+05 2.4283949751407E-03
1.1314288282545E+05 4.8964526504278E-03
1.131430780661E+05 0.013110131956637
1.1314327330676E+05 0.027933334931731
1.1314346854742E+05 0.062686681747437
1.1314366378807E+05 0.10772030055523
1.1314385902873E+05 0.11181757599115
1.1314405426939E+05 0.14525187015533
1.1314424951005E+05 0.19211862981319
1.131444447507E+05 0.18323101103306
1.1314463999136E+05 0.1513205319643
1.1314483523202E+05 0.11198189109564
1.1314503047268E+05 0.077751591801643
1.1314522571333E+05 0.038467466831207
1.1314542095399E+05 0.017241857945919
1.1314561619465E+05 4.6469490043819E-03
1.1314581143531E+05 0.012796972878277
1.1314600667596E+05 -1.5581208281219E-03
1.1314620191662E+05 0.010238325223327
1.1314639715728E+05 2.9866320546716E-03
1.1314659239794E+05 1.8508863868192E-03
1.1314678763859E+05 -6.9204065948725E-04
1.1314698287925E+05 1.6109490534291E-03
1.1314717811991E+05 5.8851228095591E-03
1.1314737336057E+05 1.0870862752199E-06
1.1314756860122E+05 8.0952967982739E-04
1.1314776384188E+05 7.4771943036467E-04
1.1314795908254E+05 3.9818151853979E-03
1.131481543232E+05 7.5227124616504E-03
1.1314834956385E+05 5.1265992224216E-03
1.1314854480451E+05 4.4054752215743E-03
1.1314874004517E+05 1.2973941629753E-03
1.1314893528583E+05 4.9776379019022E-03
1.1314913052648E+05 -2.211558399722E-03
1.1314932576714E+05 -1.9102962687612E-04
1.131495210078E+05 5.3092581219971E-03
1.1314971624846E+05 -5.9730410575867E-03
1.1314991148911E+05 -6.0559064149857E-04
1.1315010672977E+05 7.0739868097007E-03
1.1315030197043E+05 0.01323751732707
1.1315049721109E+05 0.010869472287595
1.1315069245174E+05 -2.4296347983181E-03
1.131508876924E+05 -8.6365640163422E-04
1.1315108293306E+05 5.5057751014829E-03
1.1315127817372E+05 -4.4265631586313E-03
1.1315147341437E+05 -8.2249296829104E-03
1.1315166865503E+05 1.3813972473145E-03
1.1315186389569E+05 7.7465577051044E-03
1.1315205913635E+05 1.2355543440208E-03
1.13152254377E+05 4.2439759708941E-03
1.1315244961766E+05 7.0408877218142E-04
1.1315264485832E+05 -1.9785242620856E-03
1.1315284009897E+05 -8.2740625366569E-03
1.1315303533963E+05 7.8259408473969E-03
1.1315323058029E+05 -9.1336565092206E-03
1.1315342582095E+05 -9.8103024065495E-03
1.131536210616E+05 -1.2855189852417E-03
1.1315381630226E+05 -3.3096470870078E-03
1.1315401154292E+05 -4.0483088232577E-03
1.1315420678358E+05 0.011946812272072
1.1315440202423E+05 4.9755508080125E-03
1.1315459726489E+05 -6.3313394784927E-03
1.1315479250555E+05 -2.2426131181419E-03
1.1315498774621E+05 -1.9001590553671E-03
1.1315518298686E+05 1.9561494700611E-03
1.1315537822752E+05 6.8857236765325E-03
1.1315557346818E+05 8.0784829333425E-03
1.1315576870884E+05 -1.3972953893244E-03
1.1315596394949E+05 3.8164095021784E-03
1.1315615919015E+05 -9.0202898718417E-05
1.1315635443081E+05 2.3192460648715E-03
1.1315654967147E+05 -7.3213987052441E-03
1.1315674491212E+05 4.729185719043E-03
1.1315694015278E+05 1.3904279330745E-03
1.1315713539344E+05 0.011241284199059
1.131573306341E+05 8.5571799427271E-03
1.1315752587475E+05 -2.951396163553E-05
1.1315772111541E+05 3.5096539650112E-03
1.1315791635607E+05 -1.04073388502E-03
1.1315811159673E+05 1.1008937144652E-03
1.1315830683738E+05 -1.779573271051E-03
1.1315850207804E+05 3.3507274929434E-04
1.131586973187E+05 -6.7940028384328E-03
1.1315889255936E+05 3.4431372769177E-03
1.1315908780001E+05 0.010956116952002
1.1315928304067E+05 -3.9570638909936E-03
1.1315947828133E+05 2.0815392490476E-03
1.1315967352199E+05 -1.2540030293167E-03
1.1315986876264E+05 4.0763504803181E-03
1.131600640033E+05 -5.62793482095E-03
1.1316025924396E+05 -1.853647409007E-04
1.1316045448462E+05 -3.0723810195923E-03
1.1316064972527E+05 2.7852272614837E-04
1.1316084496593E+05 -7.787624374032E-03
1.1316104020659E+05 0.012004800140858
1.1316123544725E+05 1.9578286446631E-03
1.131614306879E+05 6.9413060555235E-04
1.1316162592856E+05 -2.5735411327332E-04
1.1316182116922E+05 -6.6973022185266E-03
1.1316201640987E+05 -6.8443370983005E-03
1.1316221165053E+05 -0.010435446165502
1.1316240689119E+05 -9.2662302777171E-03
1.1316260213185E+05 -0.013237842358649
1.131627973725E+05 -0.011515335179865
1.1316299261316E+05 -2.1033515222371E-03
1.1316318785382E+05 -2.3382292129099E-03
1.1316338309448E+05 -6.0555590316653E-03
1.1316357833513E+05 -5.879876203835E-03
1.1316377357579E+05 -5.4976800456643E-03
1.1316396881645E+05 5.269137211144E-03
1.1316416405711E+05 3.8404180668294E-04
1.1316435929776E+05 1.299201278016E-03
1.1316455453842E+05 8.2101457519457E-04
1.1316474977908E+05 -6.929827388376E-03
1.1316494501974E+05 2.6944428682327E-03
1.1316514026039E+05 -4.241781309247E-03
1.1316533550105E+05 5.8422381989658E-03
1.1316553074171E+05 4.921211861074E-03
1.1316572598237E+05 -1.8094596453011E-03
1.1316592122302E+05 0.013988967984915
1.1316611646368E+05 0.011764300987124
1.1316631170434E+05 3.8260554429144E-03
1.13166506945E+05 -1.8929948564619E-03
1.1316670218565E+05 6.3755330629647E-03
1.1316689742631E+05 4.1638286784291E-03
1.1316709266697E+05 5.3311483934522E-03
1.1316728790763E+05 6.6521358676255E-03
1.1316748314828E+05 -7.8538502566516E-04
1.1316767838894E+05 2.2632582113147E-03
1.131678736296E+05 8.5037546232343E-03
1.1316806887026E+05 0.014038799330592
1.1316826411091E+05 5.8799721300602E-03
1.1316845935157E+05 7.5076106004417E-03
1.1316865459223E+05 5.5150846019387E-03
1.1316884983289E+05 8.0033461563289E-04
1.1316904507354E+05 3.2977180089802E-03
1.131692403142E+05 0.017763808369637
1.1316943555486E+05 0.021141508594155
1.1316963079552E+05 0.033471740782261
1.1316982603617E+05 0.049773115664721
1.1317002127683E+05 0.092029392719269
1.1317021651749E+05 0.12037677317858
1.1317041175815E+05 0.13726118206978
1.131706069988E+05 0.17809364199638
1.1317080223946E+05 0.18466366827488
1.1317099748012E+05 0.14704348146915
1.1317119272078E+05 0.1159954443574
1.1317138796143E+05 0.083158493041992
1.1317158320209E+05 0.042484868317842
1.1317177844275E+05 0.011635852046311
1.131719736834E+05 0.022920019924641
1.1317216892406E+05 9.6074696630239E-03
1.1317236416472E+05 2.1736011840403E-03
1.1317255940538E+05 -3.5060364753008E-03
1.1317275464603E+05 3.2358663156629E-03
1.1317294988669E+05 7.2050886228681E-03
1.1317314512735E+05 2.9026987031102E-03
1.1317334036801E+05 5.9974996838719E-04
1.1317353560866E+05 -6.9374865852296E-03
1.1317373084932E+05 -3.7016179412603E-03
1.1317392608998E+05 8.8099017739296E-03
1.1317412133064E+05 3.5646739415824E-03
1.1317431657129E+05 5.5292104370892E-03
1.1317451181195E+05 4.025362432003E-03
1.1317470705261E+05 2.3301220498979E-03
1.1317490229327E+05 5.8051673695445E-03
1.1317509753392E+05 -4.2814323678613E-03
1.1317529277458E+05 6.0095768421888E-03
1.1317548801524E+05 -3.2599596306682E-03
1.131756832559E+05 8.5331071168184E-03
1.1317587849655E+05 -7.7956905588508E-03
1.1317607373721E+05 6.9731650874019E-03
1.1317626897787E+05 8.6223492398858E-03
1.1317646421853E+05 -3.4316966775805E-03
1.1317665945918E+05 -5.0667021423578E-03
1.1317685469984E+05 3.5119629465044E-03
1.131770499405E+05 2.403418533504E-03
1.1317724518116E+05 -1.1444732081145E-03
1.1317744042181E+05 7.6730353757739E-03
1.1317763566247E+05 2.6964745484293E-03
1.1317783090313E+05 -4.2513711377978E-04
1.1317802614379E+05 1.8118977313861E-03
1.1317822138444E+05 3.7739698309451E-03
1.131784166251E+05 -5.9328121133149E-03
1.1317861186576E+05 6.8787229247391E-04
1.1317880710642E+05 3.1169597059488E-03
1.1317900234707E+05 5.2546020597219E-03
1.1317919758773E+05 -6.9107906892896E-04
1.1317939282839E+05 -7.892357185483E-03
1.1317958806905E+05 2.9559435788542E-03
1.131797833097E+05 5.7905213907361E-03
1.1317997855036E+05 -4.2385566048324E-03
1.1318017379102E+05 2.4723913520575E-03
1.1318036903168E+05 3.3312814775854E-04
1.1318056427233E+05 6.5146405249834E-03
1.1318075951299E+05 0.013548973947763
1.1318095475365E+05 9.3004480004311E-03
1.131811499943E+05 0.012729112058878
1.1318134523496E+05 6.5351198427379E-03
1.1318154047562E+05 0.011445809155703
1.1318173571628E+05 -1.915933098644E-03
1.1318193095693E+05 -3.2581191044301E-04
1.1318212619759E+05 5.6903797667474E-04
1.1318232143825E+05 -2.3611644282937E-03
1.1318251667891E+05 -1.500952988863E-03
1.1318271191956E+05 -2.5090456474572E-03
1.1318290716022E+05 1.7879328224808E-03
1.1318310240088E+05 1.1702176416293E-03
1.1318329764154E+05 -3.0395200010389E-03
1.1318349288219E+05 -3.5196747630835E-03
1.1318368812285E+05 4.5981891453266E-03
1.1318388336351E+05 2.8094975277781E-03
1.1318407860417E+05 3.2073138281703E-03
1.1318427384482E+05 5.010281689465E-03
1.1318446908548E+05 -1.1273275595158E-04
1.1318466432614E+05 -2.0246177446097E-03
1.131848595668E+05 0.010983819141984
1.1318505480745E+05 4.7966470010579E-03
1.1318525004811E+05 -6.2474473379552E-03
1.1318544528877E+05 2.3856558836997E-03
1.1318564052943E+05 -2.4728232529014E-03
1.1318583577008E+05 4.58924472332E-03
1.1318603101074E+05 7.3596590664238E-04
1.131862262514E+05 1.0964527027681E-03
1.1318642149206E+05 -2.3541348055005E-03
1.1318661673271E+05 0.011211507022381
1.1318681197337E+05 -2.7506183832884E-03
1.1318700721403E+05 -6.4052399247885E-03
1.1318720245469E+05 6.9422950036824E-03
1.1318739769534E+05 6.9363759830594E-03
1.13187592936E+05 2.012079115957E-03
1.1318778817666E+05 -2.0826179534197E-03
1.1318798341732E+05 -1.8956454005092E-03
1.1318817865797E+05 -2.6369979605079E-04
1.1318837389863E+05 -0.011456337757409
1.1318856913929E+05 2.4423613213003E-03
1.1318876437995E+05 -5.5381879210472E-03
1.131889596206E+05 4.4741027522832E-04
1.1318915486126E+05 5.2827354520559E-03
1.1318935010192E+05 4.7074304893613E-03
1.1318954534258E+05 6.4363167621195E-03
1.1318974058323E+05 5.64856082201E-03
1.1318993582389E+05 7.5652748346329E-03
1.1319013106455E+05 0.021996753290296
1.1319032630521E+05 0.024418560788035
1.1319052154586E+05 0.05232360213995
1.1319071678652E+05 0.090364500880241
1.1319091202718E+05 0.12201362848282
1.1319110726783E+05 0.14023330807686
1.1319130250849E+05 0.18567842245102
1.1319149774915E+05 0.23104937374592
1.1319169298981E+05 0.19962900876999
1.1319188823046E+05 0.15888226032257
1.1319208347112E+05 0.10898251086473
1.1319227871178E+05 0.06410326808691
1.1319247395244E+05 0.026858564466238
1.1319266919309E+05 4.1938088834286E-03
1.1319286443375E+05 8.3293216302991E-03
1.1319305967441E+05 -3.8344063796103E-04
1.1319325491507E+05 0.010350499302149
1.1319345015572E+05 6.0404534451663E-03
1.1319364539638E+05 4.0628253482282E-03
1.1319384063704E+05 8.3517730236053E-03
1.131940358777E+05 -3.6385115236044E-03
1.1319423111835E+05 1.9685225561261E-03
1.1319442635901E+05 2.8188480064273E-03
1.1319462159967E+05 3.3893063664436E-03
1.1319481684033E+05 9.1647927183658E-04
1.1319501208098E+05 -2.048971131444E-03
1.1319520732164E+05 -1.3091953005642E-03
1.131954025623E+05 -2.6088925078511E-03
1.1319559780296E+05 6.9237863644958E-03
1.1319579304361E+05 3.389171557501E-03
1.1319598828427E+05 -6.233446765691E-04
1.1319618352493E+05 2.8470323886722E-03
1.1319637876559E+05 4.0607787668705E-03
1.1319657400624E+05 7.8370068222284E-03
1.131967692469E+05 0.011123346164823
1.1319696448756E+05 -7.8906733542681E-03
1.1319715972822E+05 4.5355432666838E-03
1.1319735496887E+05 1.5177601017058E-04
1.1319755020953E+05 1.4122114516795E-03
1.1319774545019E+05 -5.1229735836387E-03
1.1319794069085E+05 -7.4789272621274E-03
1.131981359315E+05 4.9918773584068E-03
1.1319833117216E+05 -2.8781569562852E-04
1.1319852641282E+05 2.9920418746769E-03
1.1319872165348E+05 -2.997785108164E-03
1.1319891689413E+05 -9.6726091578603E-04
1.1319911213479E+05 8.0312583595514E-03
1.1319930737545E+05 3.140551969409E-03
1.1319950261611E+05 3.2067119609565E-03
1.1319969785676E+05 -2.1021340508014E-03
1.1319989309742E+05 3.3463914878666E-03
1.1320008833808E+05 1.7405377002433E-03
1.1320028357873E+05 5.7343589141965E-03
1.1320047881939E+05 -1.9065618980676E-03
1.1320067406005E+05 -2.9860157519579E-03
1.1320086930071E+05 -4.1828276589513E-03
1.1320106454136E+05 -5.316374823451E-03
1.1320125978202E+05 6.8966783583164E-03
1.1320145502268E+05 4.4846795499325E-03
1.1320165026334E+05 -4.0698172524571E-03
1.1320184550399E+05 2.2807670757174E-04
1.1320204074465E+05 2.2153141908348E-03
1.1320223598531E+05 1.2977068545297E-03
1.1320243122597E+05 -1.7607479821891E-03
1.1320262646662E+05 9.5041645690799E-03
1.1320282170728E+05 8.8955918326974E-03
1.1320301694794E+05 5.5244974792004E-03
1.132032121886E+05 6.2816804274917E-03
1.1320340742925E+05 -1.0942174121737E-03
1.1320360266991E+05 0.010214596986771
1.1320379791057E+05 1.4435481280088E-03
1.1320399315123E+05 -4.4731586240232E-03
1.1320418839188E+05 -3.4120948985219E-03
1.1320438363254E+05 2.9282919131219E-03
1.132045788732E+05 -1.4630497898906E-03
1.1320477411386E+05 -2.9817209579051E-03
1.1320496935451E+05 4.3642432428896E-03
1.1320516459517E+05 4.5577762648463E-03
1.1320535983583E+05 -5.4513299837708E-03
1.1320555507649E+05 -8.7605714797974E-03
1.1320575031714E+05 -5.9131914749742E-03
1.132059455578E+05 -1.0575768537819E-03
1.1320614079846E+05 -6.3026994466782E-03
1.1320633603912E+05 -3.5976066719741E-03
1.1320653127977E+05 -3.0971597880125E-03
1.1320672652043E+05 5.6161952670664E-04
1.1320692176109E+05 -3.2088691368699E-03
1.1320711700175E+05 -1.4488939195871E-03
1.132073122424E+05 3.8695530965924E-03
1.1320750748306E+05 -2.0967060700059E-03
1.1320770272372E+05 -1.0786100756377E-04
1.1320789796438E+05 -2.9804389923811E-03
1.1320809320503E+05 -4.7575873322785E-03
1.1320828844569E+05 1.1348759289831E-03
1.1320848368635E+05 -5.8144675567746E-03
1.1320867892701E+05 -3.9734002202749E-03
1.1320887416766E+05 -3.9511043578386E-03
1.1320906940832E+05 -9.6587333828211E-03
1.1320926464898E+05 0.015392960980535
1.1320945988964E+05 -3.6961697041988E-03
1.1320965513029E+05 7.1529182605445E-03
1.1320985037095E+05 3.9763362146914E-03
1.1321004561161E+05 -6.7396322265267E-06
1.1321024085226E+05 -1.2384381843731E-03
1.1321043609292E+05 -1.0307680349797E-04
1.1321063133358E+05 -2.6835678145289E-03
1.1321082657424E+05 2.2742860019207E-03
1.1321102181489E+05 1.7144636949524E-03
1.1321121705555E+05 7.9372450709343E-03
1.1321141229621E+05 -2.9817274771631E-03
1.1321160753687E+05 -1.9125870894641E-03
1.1321180277752E+05 5.2672903984785E-03
1.1321199801818E+05 2.4833444040269E-03
1.1321219325884E+05 -6.3362750224769E-03
1.132123884995E+05 7.3299999348819E-04
1.1321258374015E+05 5.7461676187813E-03
1.1321277898081E+05 -3.5298354923725E-03
1.1321297422147E+05 -2.9184883460402E-03
1.1321316946213E+05 -8.9135009329766E-04
1.1321336470278E+05 9.6277371048927E-03
1.1321355994344E+05 -2.4648930411786E-04
1.132137551841E+05 7.1428148075938E-03
1.1321395042476E+05 -6.6540548577905E-03
1.1321414566541E+05 2.7903879527003E-03
1.1321434090607E+05 -1.6764880856499E-03
1.1321453614673E+05 2.9489169828594E-03
1.1321473138739E+05 -3.6056425888091E-03
1.1321492662804E+05 -4.2285001836717E-03
1.132151218687E+05 -5.0530512817204E-03
1.1321531710936E+05 -1.5858920523897E-03
1.1321551235002E+05 5.2946610376239E-03
1.1321570759067E+05 3.4582584630698E-03
1.1321590283133E+05 -2.2680931724608E-03
1.1321609807199E+05 7.0846686139703E-03
1.1321629331265E+05 3.8376846350729E-03
1.132164885533E+05 0.010101136751473
1.1321668379396E+05 4.904406145215E-03
1.1321687903462E+05 6.4537273719907E-03
1.1321707427528E+05 4.7441711649299E-03
1.1321726951593E+05 4.7276332043111E-03
1.1321746475659E+05 5.2664079703391E-03
1.1321765999725E+05 4.1682492010295E-03
1.1321785523791E+05 2.7960049919784E-03
1.1321805047856E+05 3.9743026718497E-03
1.1321824571922E+05 6.3093984499574E-03
1.1321844095988E+05 -1.6422785120085E-03
1.1321863620054E+05 1.4916430227458E-03
1.1321883144119E+05 -6.8344264291227E-03
1.1321902668185E+05 -7.1276519447565E-03
1.1321922192251E+05 -8.5261734202504E-03
1.1321941716316E+05 -3.6021210253239E-03
1.1321961240382E+05 2.2927056998014E-03
1.1321980764448E+05 4.4757127761841E-03
1.1322000288514E+05 -2.191977808252E-03
1.1322019812579E+05 -4.295552149415E-03
1.1322039336645E+05 4.9734674394131E-03
1.1322058860711E+05 -7.6671931892633E-03
1.1322078384777E+05 -2.027929527685E-03
1.1322097908842E+05 -1.0527232661843E-03
1.1322117432908E+05 -1.1970963096246E-03
1.1322136956974E+05 2.239404944703E-03
1.132215648104E+05 4.0133656002581E-03
1.1322176005105E+05 -2.7833362109959E-03
1.1322195529171E+05 -3.726608119905E-03
1.1322215053237E+05 6.0115079395473E-04
1.1322234577303E+05 1.479965634644E-03
1.1322254101368E+05 -2.4914853274822E-03
1.1322273625434E+05 -5.2786141168326E-04
1.13222931495E+05 -8.3221532404423E-03
1.1322312673566E+05 3.1602650415152E-04
1.1322332197631E+05 -2.2525871172547E-03
1.1322351721697E+05 -3.359081922099E-03
1.1322371245763E+05 -2.3484011180699E-03
1.1322390769829E+05 -6.3983397558331E-04
1.1322410293894E+05 -9.1572792734951E-04
1.132242981796E+05 -4.9672476015985E-03
1.1322449342026E+05 -1.756772515364E-03
1.1322468866092E+05 -2.2991909645498E-04
1.1322488390157E+05 -4.1300295852125E-03
1.1322507914223E+05 4.7055310569704E-03
1.1322527438289E+05 2.8937016613781E-03
1.1322546962355E+05 5.0040762871504E-03
1.132256648642E+05 1.6530534485355E-03
1.1322586010486E+05 4.2030122131109E-03
1.1322605534552E+05 5.2851131185889E-03
1.1322625058618E+05 1.9953197333962E-03
1.1322644582683E+05 3.8112122565508E-03
1.1322664106749E+05 -2.8967629186809E-03
1.1322683630815E+05 2.0784458611161E-03
1.1322703154881E+05 -3.2057743519545E-03
1.1322722678946E+05 3.8822605274618E-03
1.1322742203012E+05 -1.903481897898E-03
1.1322761727078E+05 5.9164129197598E-03
1.1322781251144E+05 3.230610396713E-03
1.1322800775209E+05 2.837716601789E-03
1.1322820299275E+05 1.9566020928323E-03
1.1322839823341E+05 4.1293753311038E-03
1.1322859347406E+05 -2.6668615173548E-03
1.1322878871472E+05 -7.9694553278387E-05
1.1322898395538E+05 -7.9102916643023E-03
1.1322917919604E+05 -4.8544153105468E-04
1.1322937443669E+05 -7.95042142272E-04
1.1322956967735E+05 3.3644656650722E-03
1.1322976491801E+05 -2.5878516025841E-03
1.1322996015867E+05 2.4060485884547E-04
1.1323015539932E+05 8.7750959210098E-05
1.1323035063998E+05 -1.2904348550364E-03
1.1323054588064E+05 -1.2615616433322E-03
1.132307411213E+05 -2.9661315493286E-03
1.1323093636195E+05 7.2747794911265E-03
1.1323113160261E+05 -2.1870527416468E-03
1.1323132684327E+05 2.3664869368076E-03
1.1323152208393E+05 -1.8078773282468E-03
1.1323171732458E+05 0.01154934708029
1.1323191256524E+05 6.3428450375795E-03
1.132321078059E+05 -4.6155992895365E-03
1.1323230304656E+05 2.9755739960819E-03
1.1323249828721E+05 2.5267526507378E-03
1.1323269352787E+05 1.5048407949507E-03
1.1323288876853E+05 -0.012431683018804
1.1323308400919E+05 -9.9653005599976E-04
1.1323327924984E+05 -7.545692846179E-03
1.132334744905E+05 1.3975577894598E-03
1.1323366973116E+05 3.4873750992119E-03
1.1323386497182E+05 -2.8445434290916E-03
1.1323406021247E+05 4.0098601020873E-03
1.1323425545313E+05 -7.2366488166153E-04
1.1323445069379E+05 5.3290952928364E-04
1.1323464593445E+05 8.3488812670112E-03
1.132348411751E+05 -1.1919590178877E-03
1.1323503641576E+05 3.1348955817521E-03
1.1323523165642E+05 -4.4812513515353E-03
1.1323542689708E+05 5.4403059184551E-03
1.1323562213773E+05 3.0569429509342E-03
1.1323581737839E+05 5.44259743765E-03
1.1323601261905E+05 -3.7122638896108E-03
1.1323620785971E+05 -1.0460290359333E-03
1.1323640310036E+05 -6.9270296953619E-03
1.1323659834102E+05 9.3801249749959E-04
1.1323679358168E+05 5.6426511146128E-03
1.1323698882234E+05 5.0423271022737E-04
1.1323718406299E+05 -3.5484740510583E-04
1.1323737930365E+05 7.8706620261073E-03
1.1323757454431E+05 3.571517765522E-03
1.1323776978497E+05 -5.71518111974E-03
1.1323796502562E+05 -3.2242848537862E-03
1.1323816026628E+05 -6.2456759624183E-03
1.1323835550694E+05 -1.8701836233959E-03
1.1323855074759E+05 -7.1068652905524E-03
1.1323874598825E+05 -8.8051531929523E-04
1.1323894122891E+05 3.2899901270866E-03
1.1323913646957E+05 -4.6562578063458E-04
1.1323933171022E+05 8.3364928141236E-03
1.1323952695088E+05 8.0273114144802E-04
1.1323972219154E+05 -3.3059644047171E-03
1.132399174322E+05 5.6679542176425E-03
1.1324011267285E+05 -0.010670982301235
1.1324030791351E+05 -2.5833540130407E-03
1.1324050315417E+05 -1.7041489481926E-03
1.1324069839483E+05 -3.169639967382E-06
1.1324089363548E+05 1.5228437259793E-03
1.1324108887614E+05 1.508682849817E-03
1.132412841168E+05 2.1427308674902E-03
1.1324147935746E+05 8.6310002952814E-03
1.1324167459811E+05 7.5278230942786E-03
1.1324186983877E+05 6.7382957786322E-03
1.1324206507943E+05 9.9929673597217E-03
1.1324226032009E+05 4.8623383045197E-03
1.1324245556074E+05 5.0238408148289E-03
1.132426508014E+05 -5.0270734354854E-03
1.1324284604206E+05 1.7908129375428E-03
1.1324304128272E+05 -0.013618583790958
1.1324323652337E+05 -3.7600456271321E-03
1.1324343176403E+05 -3.9732838049531E-03
1.1324362700469E+05 -6.615019403398E-03
1.1324382224535E+05 -0.01256921235472
1.13244017486E+05 6.2051950953901E-04
1.1324421272666E+05 -5.378567148E-03
1.1324440796732E+05 -4.8400112427771E-03
1.1324460320798E+05 9.6741347806528E-04
1.1324479844863E+05 6.4603993669152E-03
1.1324499368929E+05 3.8264042232186E-03
1.1324518892995E+05 3.4012855030596E-04
1.1324538417061E+05 0.010823116637766
1.1324557941126E+05 -2.2232213523239E-03
1.1324577465192E+05 -0.011531996540725
1.1324596989258E+05 -2.3815839085728E-04
1.1324616513324E+05 7.886859588325E-03
1.1324636037389E+05 -1.2254250468686E-03
1.1324655561455E+05 6.0334685258567E-05
1.1324675085521E+05 -2.0474158227444E-03
1.1324694609587E+05 -4.9494272097945E-03
1.1324714133652E+05 2.5467649102211E-03
1.1324733657718E+05 1.7098733223975E-05
1.1324753181784E+05 -7.8620770946145E-03
1.1324772705849E+05 -0.013387659564614
1.1324792229915E+05 -4.7527165152133E-03
1.1324811753981E+05 -2.0041270181537E-04
1.1324831278047E+05 6.5182913094759E-03
1.1324850802112E+05 1.4234704431146E-03
1.1324870326178E+05 2.8818834107369E-03
1.1324889850244E+05 3.9268806576729E-03
1.132490937431E+05 2.5836566928774E-03
1.1324928898375E+05 4.847114905715E-04
1.1324948422441E+05 -8.039366453886E-03
1.1324967946507E+05 5.7281539775431E-03
1.1324987470573E+05 -5.170697811991E-03
1.1325006994638E+05 1.3918066397309E-03
1.1325026518704E+05 3.0213878490031E-03
1.132504604277E+05 3.854428883642E-03
1.1325065566836E+05 -1.3058229815215E-03
1.1325085090901E+05 -4.1217491962016E-03
1.1325104614967E+05 -5.1698079332709E-03
1.1325124139033E+05 -0.010805118829012
1.1325143663099E+05 -2.8016509022564E-03
1.1325163187164E+05 4.072031006217E-03
1.132518271123E+05 -1.6967630945146E-03
1.1325202235296E+05 -2.9929971788079E-03
1.1325221759362E+05 -9.1753387823701E-04
1.1325241283427E+05 7.8734364360571E-03
1.1325260807493E+05 -1.4695294667035E-03
1.1325280331559E+05 4.4558616355062E-03
1.1325299855625E+05 -0.015002131462097
1.132531937969E+05 -9.4171892851591E-04
1.1325338903756E+05 3.4580412320793E-03
1.1325358427822E+05 2.9108028393239E-03
1.1325377951888E+05 4.1850795969367E-03
1.1325397475953E+05 -3.6454170476645E-03
1.1325417000019E+05 -0.01030504796654
1.1325436524085E+05 6.2685394659638E-03
1.1325456048151E+05 1.4420719817281E-03
1.1325475572216E+05 -3.5305102355778E-03
1.1325495096282E+05 -8.3635305054486E-04
1.1325514620348E+05 -7.847398519516E-03
1.1325534144414E+05 6.7045399919152E-03
1.1325553668479E+05 1.6229508910328E-03
1.1325573192545E+05 5.3908275440335E-03
1.1325592716611E+05 -5.1622902974486E-03
1.1325612240677E+05 -5.3626112639904E-03
1.1325631764742E+05 -3.9178961887956E-03
1.1325651288808E+05 2.790430560708E-03
1.1325670812874E+05 4.0302553679794E-04
1.1325690336939E+05 -2.9618651606143E-03
1.1325709861005E+05 8.2640442997217E-05
1.1325729385071E+05 -2.4276901967824E-04
1.1325748909137E+05 5.1761078648269E-03
1.1325768433202E+05 7.1744904853404E-03
1.1325787957268E+05 -1.5195910818875E-03
1.1325807481334E+05 -7.3837791569531E-04
1.13258270054E+05 -7.9344380646944E-03
1.1325846529465E+05 -1.6310191713274E-03
1.1325866053531E+05 -6.2279752455652E-04
1.1325885577597E+05 7.0633222348988E-03
1.1325905101663E+05 -1.1993611697108E-03
1.1325924625728E+05 -3.5574189387262E-03
1.1325944149794E+05 4.393870010972E-03
1.132596367386E+05 -5.2979029715061E-04
1.1325983197926E+05 8.8570523075759E-04
1.1326002721991E+05 -4.8343762755394E-03
1.1326022246057E+05 -7.502518594265E-03
1.1326041770123E+05 -1.3289721682668E-03
1.1326061294189E+05 -2.0982804708183E-03
1.1326080818254E+05 -6.776018999517E-03
1.132610034232E+05 -3.781680483371E-03
1.1326119866386E+05 -2.9969462193549E-03
1.1326139390452E+05 3.1383384484798E-03
1.1326158914517E+05 4.7814380377531E-03
1.1326178438583E+05 -4.0565612725914E-03
1.1326197962649E+05 -5.8105564676225E-03
1.1326217486715E+05 -0.011735245585442
1.132623701078E+05 -8.877890650183E-04
1.1326256534846E+05 2.9327166266739E-03
1.1326276058912E+05 -7.3215356096625E-03
1.1326295582978E+05 -2.4723052047193E-04
1.1326315107043E+05 3.8063037209213E-03
1.1326334631109E+05 7.7992584556341E-04
1.1326354155175E+05 -4.3777031823993E-03
1.1326373679241E+05 -3.3848185557872E-03
1.1326393203306E+05 -7.7121295034885E-03
1.1326412727372E+05 4.8185689374804E-03
1.1326432251438E+05 4.6682376414537E-03
1.1326451775504E+05 -8.7059810757637E-03
1.1326471299569E+05 3.394118975848E-03
1.1326490823635E+05 7.1278982795775E-03
1.1326510347701E+05 0.011140803806484
1.1326529871767E+05 -9.1631012037396E-03
1.1326549395832E+05 -0.011360210366547
1.1326568919898E+05 -2.3320319596678E-03
1.1326588443964E+05 -7.7933501452208E-03
1.132660796803E+05 -6.2712114304304E-03
1.1326627492095E+05 -3.9180153980851E-03
1.1326647016161E+05 3.0224921647459E-04
1.1326666540227E+05 -4.7738589346409E-03
1.1326686064292E+05 1.1577294208109E-03
1.1326705588358E+05 -2.2900216281414E-03
1.1326725112424E+05 -5.7697771117091E-03
1.132674463649E+05 -0.010082801803946
1.1326764160555E+05 0.012354410253465
1.1326783684621E+05 3.706980496645E-03
1.1326803208687E+05 0.011243648827076
1.1326822732753E+05 -4.9045193009079E-04
1.1326842256818E+05 -5.3648762404919E-03
1.1326861780884E+05 -3.8247287739068E-03
1.132688130495E+05 -1.3607270084321E-03
1.1326900829016E+05 -1.2915334664285E-03
1.1326920353081E+05 0.011856545694172
1.1326939877147E+05 1.4028142904863E-03
1.1326959401213E+05 5.43546769768E-03
1.1326978925279E+05 -3.0455575324595E-03
1.1326998449344E+05 -2.7932235971093E-03
1.132701797341E+05 2.0946909207851E-03
1.1327037497476E+05 -0.012304868549109
1.1327057021542E+05 7.4629746377468E-03
1.1327076545607E+05 -0.010000182315707
1.1327096069673E+05 -1.6934401355684E-03
1.1327115593739E+05 5.9642945416272E-04
1.1327135117805E+05 -5.7720625773072E-03
1.132715464187E+05 6.0614086687565E-03
1.1327174165936E+05 2.7688462287188E-03
1.1327193690002E+05 5.8836732059717E-03
1.1327213214068E+05 -5.9886258095503E-03
1.1327232738133E+05 -1.6100225038826E-03
1.1327252262199E+05 1.2589114485309E-03
1.1327271786265E+05 -7.1628456935287E-03
1.1327291310331E+05 -3.6270823329687E-04
1.1327310834396E+05 -1.7382309306413E-03
1.1327330358462E+05 1.1405990226194E-03
1.1327349882528E+05 7.7787972986698E-04
1.1327369406594E+05 8.3974422886968E-04
1.1327388930659E+05 -0.011565087363124
1.1327408454725E+05 6.2357224524021E-03
1.1327427978791E+05 3.2747734803706E-04
1.1327447502857E+05 -7.0545580238104E-03
1.1327467026922E+05 -0.011100865900517
1.1327486550988E+05 -3.9282096549869E-03
1.1327506075054E+05 -1.475628465414E-03
1.132752559912E+05 2.0187210757285E-03
1.1327545123185E+05 -9.4093903899193E-03
1.1327564647251E+05 -2.7075549587607E-03
1.1327584171317E+05 -4.6838773414493E-03
1.1327603695382E+05 -0.010080579668283
1.1327623219448E+05 -6.5875467844307E-03
1.1327642743514E+05 7.6969875954092E-04
1.132766226758E+05 -3.6352365277708E-03
1.1327681791645E+05 -2.9855305328965E-03
1.1327701315711E+05 6.4747408032417E-04
1.1327720839777E+05 -6.2973601743579E-03
1.1327740363843E+05 3.7864856421947E-03
1.1327759887908E+05 -8.2785459235311E-03
1.1327779411974E+05 4.7272415831685E-03
1.132779893604E+05 -7.5102178379893E-04
1.1327818460106E+05 -6.5420959144831E-03
1.1327837984171E+05 -8.9234439656138E-04
1.1327857508237E+05 -6.1444900929928E-03
1.1327877032303E+05 -4.749792162329E-03
1.1327896556369E+05 -3.796299919486E-03
1.1327916080434E+05 2.3715193383396E-03
1.13279356045E+05 -3.5304557532072E-03
1.1327955128566E+05 -7.8785680234432E-03
1.1327974652632E+05 -0.010872730985284
1.1327994176697E+05 -2.3950103204697E-03
1.1328013700763E+05 3.1551322899759E-04
1.1328033224829E+05 -2.5644667912275E-03
1.1328052748895E+05 7.90636241436E-03
1.132807227296E+05 -1.2262102682143E-03
1.1328091797026E+05 2.0565160084516E-03
1.1328111321092E+05 -7.9996921122074E-03
1.1328130845158E+05 -3.7983525544405E-03
1.1328150369223E+05 4.1516120545566E-03
1.1328169893289E+05 -6.0771512798965E-03
1.1328189417355E+05 -0.011009758338332
1.1328208941421E+05 -3.8346289657056E-03
1.1328228465486E+05 -3.1249509193003E-03
1.1328247989552E+05 -9.2529924586415E-04
1.1328267513618E+05 4.6738691162318E-04
1.1328287037684E+05 -4.3943077325821E-03
1.1328306561749E+05 -5.0101522356272E-04
1.1328326085815E+05 8.1511132884771E-04
1.1328345609881E+05 -7.7841430902481E-03
1.1328365133947E+05 -5.2916444838047E-03
1.1328384658012E+05 -3.5274906549603E-03
1.1328404182078E+05 -5.1849847659469E-03
1.1328423706144E+05 -0.012743551284075
1.132844323021E+05 -5.599872674793E-03
1.1328462754275E+05 -7.3444098234177E-04
1.1328482278341E+05 7.2461226955056E-04
1.1328501802407E+05 -4.9080420285463E-03
1.1328521326473E+05 5.889467895031E-03
1.1328540850538E+05 -2.1590201649815E-03
1.1328560374604E+05 2.232207916677E-03
1.132857989867E+05 7.6253595761955E-04
1.1328599422735E+05 -4.2860652320087E-04
1.1328618946801E+05 1.5386380255222E-05
1.1328638470867E+05 -6.0174176469445E-03
1.1328657994933E+05 4.330602940172E-03
1.1328677518998E+05 1.3294480741024E-03
1.1328697043064E+05 -3.4600109793246E-03
1.132871656713E+05 4.2917388491333E-03
1.1328736091196E+05 2.2238050587475E-04
1.1328755615261E+05 4.5596854761243E-03
1.1328775139327E+05 -0.012920495122671
1.1328794663393E+05 -9.6636172384024E-03
1.1328814187459E+05 -1.1035588104278E-03
1.1328833711524E+05 5.3478786721826E-03
1.132885323559E+05 -1.377422362566E-03
1.1328872759656E+05 1.6266829334199E-04
1.1328892283722E+05 -3.7220744416118E-03
1.1328911807787E+05 -0.011709967628121
1.1328931331853E+05 1.3852920383215E-03
1.1328950855919E+05 -8.8487667962909E-03
1.1328970379985E+05 0.012232607230544
1.132898990405E+05 -1.0779877193272E-03
1.1329009428116E+05 -7.8754127025604E-03
1.1329028952182E+05 2.8978358022869E-04
1.1329048476248E+05 1.9035774748772E-03
1.1329068000313E+05 9.1448146849871E-03
1.1329087524379E+05 -5.7548242621124E-03
1.1329107048445E+05 -8.6958510801196E-03
1.1329126572511E+05 6.4311549067497E-05
1.1329146096576E+05 -3.2102281693369E-03
1.1329165620642E+05 1.9692466594279E-03
1.1329185144708E+05 1.0740654543042E-03
1.1329204668774E+05 2.1031296346337E-03
1.1329224192839E+05 -0.012656535021961
1.1329243716905E+05 -1.4667215291411E-03
1.1329263240971E+05 -4.8333234153688E-03
1.1329282765037E+05 -5.0117424689233E-03
1.1329302289102E+05 3.6062377039343E-03
1.1329321813168E+05 -6.1972159892321E-04
1.1329341337234E+05 -6.614503916353E-03
1.13293608613E+05 -7.1031823754311E-03
1.1329380385365E+05 2.7238440234214E-03
1.1329399909431E+05 -0.012739107012749
1.1329419433497E+05 3.1506733503193E-03
1.1329438957563E+05 1.2766516301781E-03
1.1329458481628E+05 -2.352659823373E-03
1.1329478005694E+05 -4.5968433842063E-03
1.132949752976E+05 -1.9158043432981E-03
1.1329517053825E+05 -3.9258627220988E-03
1.1329536577891E+05 -1.6744406893849E-03
1.1329556101957E+05 -1.9886330701411E-03
1.1329575626023E+05 -3.7987944670022E-03
1.1329595150088E+05 -1.2631993740797E-03
1.1329614674154E+05 1.094423700124E-03
1.132963419822E+05 -1.7240755259991E-03
1.1329653722286E+05 -5.4592108353972E-03
1.1329673246351E+05 5.3338035941124E-03
1.1329692770417E+05 -1.4386668335646E-03
1.1329712294483E+05 6.1978481244296E-04
1.1329731818549E+05 -5.497457459569E-03
1.1329751342614E+05 3.5351733677089E-03
1.132977086668E+05 5.9033194556832E-03
1.1329790390746E+05 4.1862605139613E-03
1.1329809914812E+05 -2.13049701415E-03
1.1329829438877E+05 7.6949235517532E-04
1.1329848962943E+05 -4.7707208432257E-04
1.1329868487009E+05 -8.7974574416876E-03
1.1329888011075E+05 -4.4421879574656E-03
1.132990753514E+05 3.9198831655085E-03
1.1329927059206E+05 -6.2340148724616E-04
1.1329946583272E+05 -2.3619006387889E-03
1.1329966107338E+05 -1.7907586880028E-04
1.1329985631403E+05 -2.1590637043118E-03
1.1330005155469E+05 -5.2028689533472E-03
1.1330024679535E+05 -0.012065831571817
1.1330044203601E+05 -5.3034164011478E-03
1.1330063727666E+05 8.8857226073742E-03
1.1330083251732E+05 -0.011532878503203
1.1330102775798E+05 -6.4282566308975E-03
1.1330122299864E+05 5.7475874200463E-04
1.1330141823929E+05 -5.1053315401077E-03
1.1330161347995E+05 -2.2712042555213E-03
1.1330180872061E+05 -3.6763255484402E-03
1.1330200396127E+05 -3.8944170810282E-03
1.1330219920192E+05 -2.7325456030667E-03
1.1330239444258E+05 8.6587271653116E-04
1.1330258968324E+05 -4.2534908279777E-03
1.133027849239E+05 -1.1809992138296E-03
1.1330298016455E+05 -1.2355495709926E-03
1.1330317540521E+05 -2.9402954969555E-03
1.1330337064587E+05 1.4024202246219E-03
1.1330356588653E+05 -8.399442769587E-03
1.1330376112718E+05 -6.8404721096158E-03
1.1330395636784E+05 -2.7248503174633E-03
1.133041516085E+05 -2.144951839E-03
1.1330434684915E+05 1.3203825801611E-06
1.1330454208981E+05 3.7204513791949E-03
1.1330473733047E+05 -1.4148915652186E-03
1.1330493257113E+05 -1.0135159827769E-03
1.1330512781178E+05 5.8462806046009E-03
1.1330532305244E+05 2.484712516889E-03
1.133055182931E+05 2.1818643435836E-03
1.1330571353376E+05 3.8372087292373E-03
1.1330590877441E+05 9.3106972053647E-04
1.1330610401507E+05 -6.6240709275007E-03
1.1330629925573E+05 -4.25049290061E-03
1.1330649449639E+05 -4.7547072172165E-03
1.1330668973704E+05 -3.259472316131E-03
1.133068849777E+05 -5.1658349111676E-03
1.1330708021836E+05 -0.012282370589674
1.1330727545902E+05 -2.3587662726641E-03
1.1330747069967E+05 -9.6006719395518E-03
1.1330766594033E+05 1.2978356098756E-03
1.1330786118099E+05 -3.6141965538263E-03
1.1330805642165E+05 1.9494416192174E-03
1.133082516623E+05 -5.580554716289E-04
1.1330844690296E+05 -8.940995670855E-03
1.1330864214362E+05 3.2007209956646E-03
1.1330883738428E+05 4.2390311136842E-05
1.1330903262493E+05 1.7310697585344E-03
1.1330922786559E+05 3.090416546911E-03
1.1330942310625E+05 9.0591923799366E-04
1.1330961834691E+05 -1.914145424962E-03
1.1330981358756E+05 7.1080354973674E-04
1.1331000882822E+05 -0.010534876026213
1.1331020406888E+05 -2.0363088697195E-03
1.1331039930954E+05 6.776915397495E-03
1.1331059455019E+05 -2.4280776269734E-03
1.1331078979085E+05 -1.3986304402351E-03
1.1331098503151E+05 3.3622439950705E-03
1.1331118027217E+05 3.6208229139447E-03
1.1331137551282E+05 -7.3476717807353E-03
1.1331157075348E+05 -1.516975229606E-03
1.1331176599414E+05 -1.7121806740761E-04
1.133119612348E+05 -3.0124119948596E-03
1.1331215647545E+05 2.2539659403265E-04
1.1331235171611E+05 -4.1754194535315E-04
1.1331254695677E+05 -2.7267271652818E-03
1.1331274219743E+05 -4.3998388573527E-03
1.1331293743808E+05 -6.7968498915434E-03
1.1331313267874E+05 -4.3400428257883E-03
1.133133279194E+05 -5.106870085001E-04
1.1331352316006E+05 -9.3465112149715E-04
1.1331371840071E+05 2.4337219074368E-03
1.1331391364137E+05 -2.2091176360846E-03
1.1331410888203E+05 -4.9573238939047E-03
1.1331430412268E+05 -8.7133678607643E-04
1.1331449936334E+05 2.3605558089912E-04
1.13314694604E+05 -4.5463973656297E-03
1.1331488984466E+05 -4.2696464806795E-03
1.1331508508531E+05 -7.0711458101869E-04
1.1331528032597E+05 -7.7060861513019E-03
1.1331547556663E+05 -4.9889334477484E-03
1.1331567080729E+05 -2.4991664104164E-03
1.1331586604794E+05 7.7323215082288E-03
1.133160612886E+05 8.3771897479892E-03
1.1331625652926E+05 -6.9761099293828E-03
1.1331645176992E+05 1.1268884409219E-03
1.1331664701057E+05 -3.4159831702709E-03
1.1331684225123E+05 -1.9303588196635E-03
1.1331703749189E+05 -6.9671319797635E-03
1.1331723273255E+05 -4.8398170620203E-03
1.133174279732E+05 -5.649833008647E-03
1.1331762321386E+05 -3.6318693310022E-04
1.1331781845452E+05 2.5253759231418E-03
1.1331801369518E+05 3.2045529223979E-04
1.1331820893583E+05 1.7428656574339E-03
1.1331840417649E+05 -8.6338445544243E-03
1.1331859941715E+05 -5.9312381781638E-03
1.1331879465781E+05 -3.270108718425E-04
1.1331898989846E+05 1.87931524124E-03
1.1331918513912E+05 3.4180632792413E-04
1.1331938037978E+05 -3.4101195633411E-03
1.1331957562044E+05 9.7179785370827E-03
1.1331977086109E+05 2.0578922703862E-03
1.1331996610175E+05 1.6066962853074E-03
1.1332016134241E+05 -0.010019360110164
1.1332035658307E+05 -1.7911810427904E-03
1.1332055182372E+05 -7.9898629337549E-04
1.1332074706438E+05 2.238831948489E-04
1.1332094230504E+05 1.5821843408048E-03
1.133211375457E+05 -6.0878819786012E-03
1.1332133278635E+05 -4.4167311862111E-03
1.1332152802701E+05 -3.1838314607739E-03
1.1332172326767E+05 -5.8076460845768E-04
1.1332191850833E+05 5.7970802299678E-03
1.1332211374898E+05 -2.5464282371104E-03
1.1332230898964E+05 -5.5694091133773E-04
1.133225042303E+05 -3.1281858682632E-03
1.1332269947096E+05 2.0612578373402E-03
1.1332289471161E+05 -3.6741204094142E-03
1.1332308995227E+05 -6.6690123640001E-03
1.1332328519293E+05 -7.1521457284689E-03
1.1332348043358E+05 -1.0053426958621E-03
1.1332367567424E+05 5.4917214438319E-03
1.133238709149E+05 1.5150576364249E-03
1.1332406615556E+05 -8.5201114416122E-04
1.1332426139621E+05 1.9858574960381E-03
1.1332445663687E+05 6.508082151413E-03
1.1332465187753E+05 -3.3676265738904E-03
1.1332484711819E+05 -2.3243185132742E-03
1.1332504235884E+05 1.9022262422368E-03
1.133252375995E+05 1.0570631129667E-03
1.1332543284016E+05 -2.9885149560869E-03
1.1332562808082E+05 -5.0587593577802E-03
1.1332582332147E+05 6.3138334080577E-03
1.1332601856213E+05 5.2889911457896E-03
1.1332621380279E+05 -6.966695189476E-03
1.1332640904345E+05 -2.3514439817518E-03
1.133266042841E+05 -4.4143926352262E-03
1.1332679952476E+05 -3.041855758056E-03
1.1332699476542E+05 -5.4006748832762E-03
1.1332719000608E+05 9.2812348157167E-03
1.1332738524673E+05 -8.3650625310838E-04
1.1332758048739E+05 1.2156219454482E-03
1.1332777572805E+05 -3.9548459462821E-03
1.1332797096871E+05 2.49581807293E-03
1.1332816620936E+05 4.1439924389124E-03
1.1332836145002E+05 -7.0449206978083E-03
1.1332855669068E+05 -0.010698546655476
1.1332875193134E+05 -3.0811247415841E-03
1.1332894717199E+05 1.6955428291112E-03
1.1332914241265E+05 1.1717218440026E-03
1.1332933765331E+05 -9.876664262265E-04
1.1332953289397E+05 -4.6834708191454E-03
1.1332972813462E+05 -4.3608210980892E-03
1.1332992337528E+05 -2.4551362730563E-03
1.1333011861594E+05 0.012995016761124
1.133303138566E+05 5.1553605590016E-04
1.1333050909725E+05 -7.7033489942551E-03
1.1333070433791E+05 -8.3775967359543E-03
1.1333089957857E+05 8.2944426685572E-04
1.1333109481923E+05 -6.6081448458135E-03
1.1333129005988E+05 -1.1552590876818E-04
1.1333148530054E+05 -8.6111277341843E-03
1.133316805412E+05 4.9250028096139E-03
1.1333187578186E+05 -3.2265949994326E-04
1.1333207102251E+05 7.7584572136402E-03
1.1333226626317E+05 -8.7191024795175E-03
1.1333246150383E+05 4.8695551231503E-03
1.1333265674448E+05 -6.236819550395E-03
1.1333285198514E+05 5.7742348872125E-04
1.133330472258E+05 2.5652085896581E-03
1.1333324246646E+05 1.3593188486993E-04
1.1333343770711E+05 -4.9112839624286E-03
1.1333363294777E+05 3.7379674613476E-03
1.1333382818843E+05 -1.1474555358291E-03
1.1333402342909E+05 3.922208212316E-03
1.1333421866974E+05 -4.509499296546E-03
1.133344139104E+05 3.8842977955937E-03
1.1333460915106E+05 5.1411143504083E-03
1.1333480439172E+05 7.470118580386E-04
1.1333499963237E+05 -1.3073969166726E-03
1.1333519487303E+05 -3.1597213819623E-04
1.1333539011369E+05 -4.9742944538593E-03
1.1333558535435E+05 4.632989410311E-03
1.13335780595E+05 0.012113936245441
1.1333597583566E+05 9.8766677547246E-04
1.1333617107632E+05 5.9718964621425E-03
1.1333636631698E+05 -2.2417907603085E-03
1.1333656155763E+05 -1.270042732358E-03
1.1333675679829E+05 -6.3949776813388E-03
1.1333695203895E+05 -7.0301392115653E-03
1.1333714727961E+05 1.9007611554116E-03
1.1333734252026E+05 9.3963304534554E-03
1.1333753776092E+05 -7.8117670491338E-03
1.1333773300158E+05 -4.6740891411901E-03
1.1333792824224E+05 7.6857060194016E-03
1.1333812348289E+05 -7.0476923137903E-03
1.1333831872355E+05 -3.7785666063428E-04
1.1333851396421E+05 3.0455430969596E-03
1.1333870920487E+05 -2.4589565582573E-03
1.1333890444552E+05 -1.6670105978847E-03
1.1333909968618E+05 1.4615254476666E-03
1.1333929492684E+05 6.3264695927501E-04
1.133394901675E+05 -2.9373141005635E-03
1.1333968540815E+05 3.6327806301415E-03
1.1333988064881E+05 6.8866915535182E-04
1.1334007588947E+05 -4.5359074138105E-03
1.1334027113013E+05 -4.5139826834202E-03
1.1334046637078E+05 -2.1750552114099E-03
1.1334066161144E+05 -5.3373537957668E-04
1.133408568521E+05 3.0234302394092E-03
1.1334105209276E+05 1.1454715859145E-03
1.1334124733341E+05 -3.2951314933598E-03
1.1334144257407E+05 -3.7903035990894E-04
1.1334163781473E+05 -1.2819259427488E-04
1.1334183305539E+05 6.8598366342485E-03
1.1334202829604E+05 -2.6836772449315E-03
1.133422235367E+05 -2.7959565632045E-03
1.1334241877736E+05 7.7178573701531E-04
1.1334261401801E+05 2.5265347212553E-03
1.1334280925867E+05 3.0895646195859E-03
1.1334300449933E+05 3.4704690333456E-03
1.1334319973999E+05 2.0593767985702E-03
1.1334339498064E+05 -1.173541881144E-03
1.133435902213E+05 4.4674691744149E-03
1.1334378546196E+05 -8.9767463505268E-03
1.1334398070262E+05 -6.8700546398759E-03
1.1334417594327E+05 7.0198508910835E-03
1.1334437118393E+05 -4.5663979835808E-03
1.1334456642459E+05 -0.013032114133239
1.1334476166525E+05 -3.5716174170375E-04
1.133449569059E+05 -8.167193736881E-04
1.1334515214656E+05 -9.505245834589E-03
1.1334534738722E+05 0.011160109192133
1.1334554262788E+05 -1.1137216351926E-03
1.1334573786853E+05 -0.010575270280242
1.1334593310919E+05 -3.2615743111819E-03
1.1334612834985E+05 -3.1919649336487E-03
1.1334632359051E+05 5.2944123744965E-03
1.1334651883116E+05 3.5144411958754E-04
1.1334671407182E+05 -5.1953755319118E-03
1.1334690931248E+05 -2.6779482141137E-04
1.1334710455314E+05 -1.3069796841592E-03
1.1334729979379E+05 -2.7272240258753E-03
1.1334749503445E+05 -4.887783434242E-03
1.1334769027511E+05 -2.5248755700886E-03
1.1334788551577E+05 4.5259948819876E-05
1.1334808075642E+05 4.2899856343865E-03
1.1334827599708E+05 2.3668936919421E-03
1.1334847123774E+05 8.3881744649261E-04
1.133486664784E+05 -8.4748938679695E-03
1.1334886171905E+05 -3.094538114965E-04
1.1334905695971E+05 -1.2993654236197E-03
1.1334925220037E+05 3.237166441977E-03
1.1334944744103E+05 -2.3513187188655E-03
1.1334964268168E+05 1.4294027350843E-03
1.1334983792234E+05 4.4413506984711E-03
1.13350033163E+05 -1.531180460006E-03
1.1335022840366E+05 4.1673434898257E-03
1.1335042364431E+05 -8.5348100401461E-04
1.1335061888497E+05 -5.6527769193053E-03
1.1335081412563E+05 5.5917985737324E-03
1.1335100936629E+05 1.8571701366454E-03
1.1335120460694E+05 0.010127857327461
1.133513998476E+05 -6.803197786212E-03
1.1335159508826E+05 5.9699788689613E-03
1.1335179032891E+05 8.1195738166571E-03
1.1335198556957E+05 -4.0361667051911E-03
1.1335218081023E+05 6.0777855105698E-04
1.1335237605089E+05 -0.013874653726816
1.1335257129154E+05 -7.8383702784777E-03
1.133527665322E+05 -5.7279262691736E-03
1.1335296177286E+05 -1.2599697802216E-03
1.1335315701352E+05 3.052422311157E-03
1.1335335225417E+05 3.2374262809753E-03
1.1335354749483E+05 7.4807484634221E-04
1.1335374273549E+05 -2.0839013159275E-03
1.1335393797615E+05 6.2044630758464E-03
1.133541332168E+05 2.0300331525505E-03
1.1335432845746E+05 4.4985711574554E-03
1.1335452369812E+05 0.010537127032876
1.1335471893878E+05 2.3530954495072E-03
1.1335491417943E+05 -8.3533823490143E-03
1.1335510942009E+05 -4.2504426091909E-03
1.1335530466075E+05 5.1212357357144E-04
1.1335549990141E+05 -8.2767615094781E-03
1.1335569514206E+05 -3.1713568605483E-03
1.1335589038272E+05 3.2226007897407E-03
1.1335608562338E+05 1.7573449295014E-03
1.1335628086404E+05 -1.0372418910265E-04
1.1335647610469E+05 8.0697704106569E-03
1.1335667134535E+05 -1.280558295548E-03
1.1335686658601E+05 -5.8933608233929E-03
1.1335706182667E+05 -6.6096051596105E-03
1.1335725706732E+05 -1.3048688415438E-03
1.1335745230798E+05 -3.0784246046096E-03
1.1335764754864E+05 5.4924488067627E-03
1.133578427893E+05 -2.7000324334949E-03
1.1335803802995E+05 -1.644552918151E-03
1.1335823327061E+05 -5.4922187700868E-05
1.1335842851127E+05 -3.411058569327E-03
1.1335862375193E+05 -1.6001514159143E-03
1.1335881899258E+05 5.3790155798197E-03
1.1335901423324E+05 -4.6791532076895E-04
1.133592094739E+05 2.8029154054821E-04
1.1335940471456E+05 -0.01029053516686
1.1335959995521E+05 -4.1975011117756E-03
1.1335979519587E+05 -8.4104770794511E-03
1.1335999043653E+05 5.5861249566078E-03
1.1336018567719E+05 1.7598394770175E-03
1.1336038091784E+05 7.6093189418316E-03
1.133605761585E+05 1.723290188238E-03
1.1336077139916E+05 4.0029007941484E-03
1.1336096663982E+05 4.5867701992393E-03
1.1336116188047E+05 -6.1687370762229E-03
1.1336135712113E+05 -2.3153312504292E-03
1.1336155236179E+05 1.9502927316353E-03
1.1336174760244E+05 -1.6562645323575E-03
1.133619428431E+05 -3.4000463783741E-03
1.1336213808376E+05 3.6450722254813E-03
1.1336233332442E+05 -7.8948750160635E-04
1.1336252856507E+05 7.2418106719851E-03
1.1336272380573E+05 1.8649792764336E-03
1.1336291904639E+05 5.8837318792939E-03
1.1336311428705E+05 2.731686225161E-03
1.133633095277E+05 5.8671133592725E-03
1.1336350476836E+05 -1.2987365480512E-03
1.1336370000902E+05 -2.9909121803939E-04
1.1336389524968E+05 2.4282939266413E-03
1.1336409049033E+05 5.4155853576958E-03
1.1336428573099E+05 8.8054947555065E-03
1.1336448097165E+05 -5.0136926583946E-03
1.1336467621231E+05 -1.8415059894323E-03
1.1336487145296E+05 7.505037356168E-04
1.1336506669362E+05 -2.7434607036412E-03
1.1336526193428E+05 -4.1164993308485E-04
1.1336545717494E+05 -6.6900881938636E-03
1.1336565241559E+05 -3.4310352057219E-03
1.1336584765625E+05 -4.3376907706261E-03
1.1336604289691E+05 -3.1492568086833E-03
1.1336623813757E+05 -6.901117041707E-03
1.1336643337822E+05 1.0883139912039E-03
1.1336662861888E+05 -3.8771892432123E-03
1.1336682385954E+05 4.9749091267586E-03
1.133670191002E+05 -6.2164850533009E-03
1.1336721434085E+05 -1.1852565221488E-03
1.1336740958151E+05 -1.689394004643E-03
1.1336760482217E+05 4.0146484971046E-03
1.1336780006283E+05 -1.898551825434E-03
1.1336799530348E+05 2.2949329577386E-03
1.1336819054414E+05 -1.7398889176548E-03
1.133683857848E+05 -7.7045601792634E-03
1.1336858102546E+05 -2.3063272237778E-05
1.1336877626611E+05 4.0010549128056E-03
1.1336897150677E+05 -3.7436790298671E-03
1.1336916674743E+05 -2.272886922583E-03
1.1336936198809E+05 3.3237063325942E-04
1.1336955722874E+05 -2.3489855229855E-03
1.133697524694E+05 -3.5439350176603E-03
1.1336994771006E+05 1.9959714263678E-03
1.1337014295072E+05 2.2168699651957E-03
1.1337033819137E+05 -4.4611007906497E-03
1.1337053343203E+05 -1.3246173039079E-03
1.1337072867269E+05 -2.5854329578578E-04
1.1337092391334E+05 1.4191138325259E-03
1.13371119154E+05 -7.1810614317656E-03
1.1337131439466E+05 2.4217488244176E-03
1.1337150963532E+05 -7.6544750481844E-03
1.1337170487597E+05 4.2738649062812E-04
1.1337190011663E+05 -0.01082796882838
1.1337209535729E+05 -1.5749642625451E-04
1.1337229059795E+05 6.6695818677545E-03
1.133724858386E+05 -8.5779596120119E-03
1.1337268107926E+05 -3.2338337041438E-04
1.1337287631992E+05 -3.8172705098987E-03
1.1337307156058E+05 -2.6810383424163E-03
1.1337326680123E+05 3.3970698714256E-03
1.1337346204189E+05 5.3306804038584E-03
1.1337365728255E+05 2.7141929604113E-04
1.1337385252321E+05 4.1892770677805E-03
1.1337404776386E+05 -9.0686203911901E-03
1.1337424300452E+05 3.2065969426185E-03
1.1337443824518E+05 3.4182691015303E-03
1.1337463348584E+05 2.1711203735322E-03
1.1337482872649E+05 -0.01165731344372
1.1337502396715E+05 -4.8106079921126E-03
1.1337521920781E+05 -3.8571066688746E-03
1.1337541444847E+05 2.7074883691967E-03
1.1337560968912E+05 -6.9846762344241E-03
1.1337580492978E+05 -9.9075930193067E-03
1.1337600017044E+05 -6.08995789662E-04
1.133761954111E+05 8.1476988270879E-04
1.1337639065175E+05 2.5880127213895E-04
1.1337658589241E+05 1.1725472286344E-03
1.1337678113307E+05 -7.1091041900218E-03
1.1337697637373E+05 -4.696540068835E-03
1.1337717161438E+05 6.1342474073172E-03
1.1337736685504E+05 0.011280040256679
1.133775620957E+05 3.5683673340827E-03
1.1337775733636E+05 3.232435323298E-03
1.1337795257701E+05 -1.9418469164521E-03
1.1337814781767E+05 -6.8506011739373E-03
1.1337834305833E+05 -1.4070705510676E-03
1.1337853829899E+05 1.826639752835E-03
1.1337873353964E+05 9.2244858387858E-04
1.133789287803E+05 -6.2414179556072E-03
1.1337912402096E+05 7.1033765561879E-04
1.1337931926162E+05 4.9688657745719E-03
1.1337951450227E+05 -0.010142117738724
1.1337970974293E+05 -2.5162482634187E-03
1.1337990498359E+05 6.3858330249786E-03
1.1338010022424E+05 9.627909399569E-03
1.133802954649E+05 4.6304105781019E-03
1.1338049070556E+05 6.2244758009911E-04
1.1338068594622E+05 4.2738951742649E-04
1.1338088118687E+05 -1.8979811575264E-03
1.1338107642753E+05 -1.6975055914372E-03
1.1338127166819E+05 3.6654113791883E-03
1.1338146690885E+05 3.7717125378549E-03
1.133816621495E+05 7.4564716778696E-03
1.1338185739016E+05 -3.0565913766623E-03
1.1338205263082E+05 -6.9875568151474E-03
1.1338224787148E+05 3.2667443156242E-04
1.1338244311213E+05 -1.1208984069526E-03
1.1338263835279E+05 3.0774041078985E-03
1.1338283359345E+05 2.0711747929454E-03
1.1338302883411E+05 -7.5306044891477E-05
1.1338322407476E+05 3.6216527223587E-03
1.1338341931542E+05 -5.0810095854104E-04
1.1338361455608E+05 -3.7927606608719E-03
1.1338380979674E+05 5.0901127979159E-03
1.1338400503739E+05 -4.9966285005212E-03
1.1338420027805E+05 -2.0437922794372E-03
1.1338439551871E+05 -4.4120633974671E-03
1.1338459075937E+05 2.4765566922724E-03
1.1338478600002E+05 -1.0261731222272E-03
1.1338498124068E+05 0.012249778024852
1.1338517648134E+05 2.9511493630707E-03
1.13385371722E+05 1.0208213934675E-03
1.1338556696265E+05 -3.273889888078E-04
1.1338576220331E+05 -2.7336180210114E-03
1.1338595744397E+05 2.1293931640685E-03
1.1338615268463E+05 0.01182836573571
1.1338634792528E+05 3.8082753308117E-03
1.1338654316594E+05 2.9630325734615E-03
1.133867384066E+05 -1.2238486669958E-04
1.1338693364726E+05 2.4670441634953E-03
1.1338712888791E+05 5.9580500237644E-04
1.1338732412857E+05 -7.7333417721093E-03
1.1338751936923E+05 3.724760375917E-03
1.1338771460989E+05 9.8476354032755E-03
1.1338790985054E+05 4.5787310227752E-03
1.133881050912E+05 1.1043436825275E-03
1.1338830033186E+05 9.3601942062378E-03
1.1338849557252E+05 6.794604472816E-03
1.1338869081317E+05 -6.7551317624748E-04
1.1338888605383E+05 2.1394644863904E-03
1.1338908129449E+05 -8.6156534962356E-04
1.1338927653515E+05 -4.9655511975288E-03
1.133894717758E+05 -7.0032272487879E-03
1.1338966701646E+05 -7.5990986078978E-03
1.1338986225712E+05 2.5832932442427E-04
1.1339005749777E+05 7.4309883639216E-03
1.1339025273843E+05 0.014847876504064
1.1339044797909E+05 -5.2232583984733E-03
1.1339064321975E+05 -1.4077159576118E-03
1.133908384604E+05 -3.451032564044E-03
1.1339103370106E+05 -4.8837908543646E-03
1.1339122894172E+05 -6.0577495023608E-03
1.1339142418238E+05 -1.2157128658146E-03
1.1339161942303E+05 -5.1858630031347E-03
1.1339181466369E+05 -3.6432174965739E-05
1.1339200990435E+05 -2.2996214684099E-03
1.1339220514501E+05 5.2049988880754E-04
1.1339240038566E+05 -1.7453480977565E-03
1.1339259562632E+05 -4.6768710017204E-03
1.1339279086698E+05 -4.8826467245817E-03
1.1339298610764E+05 -5.4423660039902E-03
1.1339318134829E+05 -9.6733700484037E-03
1.1339337658895E+05 -4.1563576087356E-03
1.1339357182961E+05 2.3632580414414E-03
1.1339376707027E+05 -4.7522103413939E-03
1.1339396231092E+05 -7.0378934033215E-03
1.1339415755158E+05 -0.010765472427011
1.1339435279224E+05 -6.6562821157277E-03
1.133945480329E+05 4.5030964538455E-03
1.1339474327355E+05 -1.9829494412988E-03
1.1339493851421E+05 6.3926978036761E-03
1.1339513375487E+05 -0.010091542266309
1.1339532899553E+05 6.9167092442513E-03
1.1339552423618E+05 -2.9125646688044E-04
1.1339571947684E+05 1.7969763139263E-03
1.133959147175E+05 -1.9587557762861E-03
1.1339610995816E+05 7.2134090587497E-03
1.1339630519881E+05 9.2560853809118E-03
1.1339650043947E+05 1.4765439555049E-03
1.1339669568013E+05 -3.4815296530724E-03
1.1339689092079E+05 -5.5969436652958E-04
1.1339708616144E+05 -1.0657941456884E-03
1.133972814021E+05 1.491553732194E-03
1.1339747664276E+05 -2.6141535490751E-03
1.1339767188342E+05 5.5292686447501E-03
1.1339786712407E+05 2.2316731046885E-03
1.1339806236473E+05 7.0863859727979E-03
1.1339825760539E+05 2.7758970391005E-03
1.1339845284605E+05 -2.2963895462453E-03
1.133986480867E+05 1.1766748502851E-03
1.1339884332736E+05 -1.6353488899767E-04
1.1339903856802E+05 -1.6761643346399E-03
1.1339923380867E+05 1.6243798891082E-03
1.1339942904933E+05 2.3679190780967E-03
1.1339962428999E+05 -5.2781472913921E-04
1.1339981953065E+05 1.7753744032234E-03
1.134000147713E+05 0.016966201364994
1.1340021001196E+05 -2.4286466650665E-03
1.1340040525262E+05 1.4550966443494E-03
1.1340060049328E+05 4.9197650514543E-04
1.1340079573393E+05 7.9776160418987E-03
1.1340099097459E+05 3.8806123193353E-03
1.1340118621525E+05 -1.3756891712546E-04
1.1340138145591E+05 -1.0552543681115E-03
1.1340157669656E+05 2.9718936420977E-03
1.1340177193722E+05 0.011664357967675
1.1340196717788E+05 1.3956826878712E-03
1.1340216241854E+05 -3.6399094387889E-03
1.1340235765919E+05 4.5466721057892E-03
1.1340255289985E+05 4.5270696282387E-03
1.1340274814051E+05 -2.1595321595669E-04
1.1340294338117E+05 3.411949146539E-04
1.1340313862182E+05 1.3992595486343E-03
1.1340333386248E+05 3.234384348616E-03
1.1340352910314E+05 6.5578669309616E-03
1.134037243438E+05 3.7187524139881E-04
1.1340391958445E+05 4.9856165423989E-04
1.1340411482511E+05 3.2808906398714E-03
1.1340431006577E+05 9.1597596183419E-03
1.1340450530643E+05 -6.9536594673991E-04
1.1340470054708E+05 -2.3076673969626E-03
1.1340489578774E+05 -1.1834874749184E-03
1.134050910284E+05 8.4613054059446E-04
1.1340528626906E+05 1.3987480197102E-03
1.1340548150971E+05 9.2127919197083E-03
1.1340567675037E+05 1.240324578248E-03
1.1340587199103E+05 -8.6474046111107E-04
1.1340606723169E+05 2.3897248320282E-04
1.1340626247234E+05 -5.2263401448727E-03
1.13406457713E+05 -4.5557813718915E-03
1.1340665295366E+05 2.546226605773E-04
1.1340684819432E+05 -2.6035520713776E-03
1.1340704343497E+05 5.5986968800426E-03
1.1340723867563E+05 3.0007087625563E-03
1.1340743391629E+05 2.299367217347E-03
1.1340762915695E+05 4.0167579427361E-03
1.134078243976E+05 5.1650707609951E-04
1.1340801963826E+05 7.733981590718E-03
1.1340821487892E+05 3.280297620222E-03
1.1340841011957E+05 3.924947232008E-03
1.1340860536023E+05 -1.7717615701258E-03
1.1340880060089E+05 -2.0556137897074E-03
1.1340899584155E+05 -2.6965306606144E-03
1.134091910822E+05 2.408554777503E-03
1.1340938632286E+05 5.1374556496739E-03
1.1340958156352E+05 -2.6576470118016E-03
1.1340977680418E+05 6.4953388646245E-03
1.1340997204483E+05 6.8701137788594E-03
1.1341016728549E+05 8.7997894734144E-03
1.1341036252615E+05 0.010676397010684
1.1341055776681E+05 5.3297490812838E-03
1.1341075300746E+05 7.5946100987494E-03
1.1341094824812E+05 0.011536272242665
1.1341114348878E+05 0.014555828645825
1.1341133872944E+05 2.0993477664888E-03
1.1341153397009E+05 2.60303565301E-03
1.1341172921075E+05 -0.011352220550179
1.1341192445141E+05 1.3834494166076E-04
1.1341211969207E+05 6.5821199677885E-04
1.1341231493272E+05 -2.3179862182587E-03
1.1341251017338E+05 5.5968584492803E-03
1.1341270541404E+05 -3.4306501038373E-03
1.134129006547E+05 -0.010153132490814
1.1341309589535E+05 2.9801926575601E-04
1.1341329113601E+05 4.8447921872139E-03
1.1341348637667E+05 3.1939202453941E-03
1.1341368161733E+05 -1.3448144309223E-03
1.1341387685798E+05 3.3167446963489E-03
1.1341407209864E+05 4.0752394124866E-03
1.134142673393E+05 -4.061252810061E-03
1.1341446257996E+05 1.1317101307213E-03
1.1341465782061E+05 -4.2670508846641E-03
1.1341485306127E+05 1.6182329272851E-03
1.1341504830193E+05 -8.4342593327165E-03
1.1341524354259E+05 -2.894229022786E-03
1.1341543878324E+05 8.7668243795633E-03
1.134156340239E+05 1.4601048314944E-03
1.1341582926456E+05 5.0335060805082E-03
1.1341602450522E+05 -5.6177889928222E-03
1.1341621974587E+05 -2.1244534291327E-03
1.1341641498653E+05 0.011683098971844
1.1341661022719E+05 3.3574162516743E-03
1.1341680546785E+05 -5.2328398451209E-03
1.134170007085E+05 5.8908648788929E-03
1.1341719594916E+05 1.3276316458359E-03
1.1341739118982E+05 0.011294263415039
1.1341758643048E+05 2.455391921103E-03
1.1341778167113E+05 4.9384357407689E-04
1.1341797691179E+05 -6.1462642624974E-03
1.1341817215245E+05 -2.0100821275264E-03
1.134183673931E+05 -5.2354084327817E-03
1.1341856263376E+05 9.6384445205331E-03
1.1341875787442E+05 7.6914606615901E-03
1.1341895311508E+05 -3.6607212387025E-03
1.1341914835573E+05 5.1463232375681E-04
1.1341934359639E+05 -2.8131641447544E-03
1.1341953883705E+05 -1.4418759383261E-03
1.1341973407771E+05 7.9859532415867E-03
1.1341992931836E+05 -2.3048687726259E-03
1.1342012455902E+05 -2.5077764876187E-03
1.1342031979968E+05 2.4565174244344E-03
1.1342051504034E+05 2.3891548626125E-03
1.1342071028099E+05 7.5831133872271E-03
1.1342090552165E+05 -6.1995694413781E-03
1.1342110076231E+05 -3.4920815378428E-03
1.1342129600297E+05 2.1742156241089E-03
1.1342149124362E+05 -4.7243805602193E-03
1.1342168648428E+05 7.4520725756884E-03
1.1342188172494E+05 7.4820066802204E-03
1.134220769656E+05 -7.6203676871955E-04
1.1342227220625E+05 1.7129589105025E-03
1.1342246744691E+05 -3.853989765048E-04
1.1342266268757E+05 4.2437808588147E-04
1.1342285792823E+05 3.1679265666753E-03
1.1342305316888E+05 7.1414755657315E-03
1.1342324840954E+05 2.7564340271056E-03
1.134234436502E+05 4.0269419550896E-03
1.1342363889086E+05 -1.0117480996996E-03
1.1342383413151E+05 -5.4250108078122E-03
1.1342402937217E+05 -2.2465079091489E-03
1.1342422461283E+05 2.470969222486E-03
1.1342441985349E+05 2.6624002493918E-03
1.1342461509414E+05 -9.1408006846905E-04
1.134248103348E+05 -4.6268478035927E-03
1.1342500557546E+05 7.3411464691162E-03
1.1342520081612E+05 1.1335035087541E-03
1.1342539605677E+05 -8.1596300005913E-03
1.1342559129743E+05 -4.0621170774102E-03
1.1342578653809E+05 8.9545547962189E-03
1.1342598177875E+05 2.58394703269E-03
1.134261770194E+05 8.4863044321537E-04
1.1342637226006E+05 -1.1554514057934E-03
1.1342656750072E+05 2.2412245161831E-03
1.1342676274138E+05 -3.2217993866652E-03
1.1342695798203E+05 4.685333929956E-03
1.1342715322269E+05 -3.7682831753045E-03
1.1342734846335E+05 8.8941380381584E-03
1.13427543704E+05 2.4974625557661E-03
1.1342773894466E+05 3.4686725120991E-03
1.1342793418532E+05 -5.1672528497875E-03
1.1342812942598E+05 -1.1872709728777E-04
1.1342832466663E+05 -4.5010168105364E-04
1.1342851990729E+05 2.2320849820971E-03
1.1342871514795E+05 1.9128323765472E-03
1.1342891038861E+05 -5.4017873480916E-03
1.1342910562926E+05 1.8457684200257E-03
1.1342930086992E+05 4.630415700376E-03
1.1342949611058E+05 -2.8228026349097E-03
1.1342969135124E+05 9.4624934718013E-05
1.1342988659189E+05 -1.3723433949053E-04
1.1343008183255E+05 0.011688739061356
1.1343027707321E+05 3.4555671736598E-03
1.1343047231387E+05 -1.4389827847481E-03
1.1343066755452E+05 1.3047485845163E-03
1.1343086279518E+05 1.5027117915452E-03
1.1343105803584E+05 6.3536199741066E-03
1.134312532765E+05 7.8326566144824E-03
1.1343144851715E+05 6.0199876315892E-04
1.1343164375781E+05 0.013274600729346
1.1343183899847E+05 3.2168789766729E-04
1.1343203423913E+05 4.2880228720605E-03
1.1343222947978E+05 9.1426642611623E-03
1.1343242472044E+05 3.2804987858981E-03
1.134326199611E+05 2.8210994787514E-03
1.1343281520176E+05 -9.6177193336189E-04
1.1343301044241E+05 2.647846005857E-03
1.1343320568307E+05 3.0335783958435E-04
1.1343340092373E+05 0.012591309845448
1.1343359616439E+05 5.1972158253193E-03
1.1343379140504E+05 6.1295600607991E-03
1.134339866457E+05 8.2917464897037E-04
1.1343418188636E+05 1.9195404602215E-03
1.1343437712702E+05 1.8171430565417E-03
1.1343457236767E+05 4.316576756537E-03
1.1343476760833E+05 -1.1628470383584E-03
1.1343496284899E+05 2.3549259640276E-04
1.1343515808965E+05 -2.2983446251601E-03
1.134353533303E+05 -9.3504497781396E-03
1.1343554857096E+05 -5.2351946942508E-04
1.1343574381162E+05 4.4666500762105E-03
1.1343593905228E+05 -4.1614379733801E-04
1.1343613429293E+05 0.010173187591136
1.1343632953359E+05 -7.2680921293795E-03
1.1343652477425E+05 2.1481602452695E-03
1.1343672001491E+05 -1.7390819266438E-03
1.1343691525556E+05 7.0651536807418E-03
1.1343711049622E+05 3.1086921226233E-03
1.1343730573688E+05 2.9579843394458E-03
1.1343750097753E+05 4.4905943796039E-03
1.1343769621819E+05 4.5305746607482E-03
1.1343789145885E+05 1.8343899864703E-03
1.1343808669951E+05 0.010058527812362
1.1343828194016E+05 2.1798112429678E-03
1.1343847718082E+05 4.0153572335839E-03
1.1343867242148E+05 0.010897538624704
1.1343886766214E+05 7.3509840294719E-03
1.1343906290279E+05 -4.3533546850085E-03
1.1343925814345E+05 -1.5760799869895E-03
1.1343945338411E+05 -1.746634952724E-04
1.1343964862477E+05 -9.0127671137452E-04
1.1343984386542E+05 0.019113767892122
1.1344003910608E+05 7.7040530741215E-03
1.1344023434674E+05 6.4405119046569E-03
1.134404295874E+05 8.72484408319E-04
1.1344062482805E+05 1.9259880064055E-03
1.1344082006871E+05 6.0832966119051E-03
1.1344101530937E+05 9.5727555453777E-03
1.1344121055003E+05 5.1694270223379E-03
1.1344140579068E+05 -3.5386306699365E-03
1.1344160103134E+05 2.4330937303603E-03
1.13441796272E+05 3.4725568257272E-03
1.1344199151266E+05 1.2931698001921E-03
1.1344218675331E+05 6.5386211499572E-03
1.1344238199397E+05 7.2047566063702E-03
1.1344257723463E+05 -6.832480430603E-04
1.1344277247529E+05 -2.8289607726038E-03
1.1344296771594E+05 -3.0576209537685E-03
1.134431629566E+05 0.010049320757389
1.1344335819726E+05 9.3073304742575E-04
1.1344355343792E+05 -3.1264459248632E-03
1.1344374867857E+05 -4.1719106957316E-04
1.1344394391923E+05 3.8349372334778E-04
1.1344413915989E+05 -2.0436197519302E-04
1.1344433440055E+05 7.9297525808215E-03
1.134445296412E+05 4.6814205124974E-03
1.1344472488186E+05 4.6287295408547E-03
1.1344492012252E+05 2.9407478868961E-03
1.1344511536318E+05 5.9711430221796E-03
1.1344531060383E+05 3.2179357949644E-03
1.1344550584449E+05 7.7652609907091E-03
1.1344570108515E+05 5.031474865973E-04
1.1344589632581E+05 -8.5879806429148E-03
1.1344609156646E+05 6.6417511552572E-03
1.1344628680712E+05 -2.3594528902322E-03
1.1344648204778E+05 1.7933079507202E-03
1.1344667728843E+05 -9.7980699501932E-04
1.1344687252909E+05 0.010115425102413
1.1344706776975E+05 -3.9743082597852E-03
1.1344726301041E+05 -2.7948180213571E-03
1.1344745825106E+05 4.5772050507367E-03
1.1344765349172E+05 4.5098531991243E-03
1.1344784873238E+05 0.012439700774848
1.1344804397304E+05 -3.1946175731719E-03
1.1344823921369E+05 6.8161869421601E-04
1.1344843445435E+05 4.0199793875217E-03
1.1344862969501E+05 -1.0477886535227E-03
1.1344882493567E+05 -7.3633189313114E-03
1.1344902017632E+05 -1.2136357836425E-03
1.1344921541698E+05 4.3016662821174E-03
1.1344941065764E+05 -2.5849852245301E-03
1.134496058983E+05 -2.837621839717E-03
1.1344980113895E+05 1.1655300622806E-03
1.1344999637961E+05 4.7404202632606E-03
1.1345019162027E+05 -2.9998533427715E-03
1.1345038686093E+05 2.708354499191E-03
1.1345058210158E+05 5.4056723602116E-03
1.1345077734224E+05 7.5209625065327E-03
1.134509725829E+05 1.2030069483444E-03
1.1345116782356E+05 8.443889208138E-03
1.1345136306421E+05 -3.2450794242322E-03
1.1345155830487E+05 -5.9805894270539E-03
1.1345175354553E+05 3.9241998456419E-04
1.1345194878619E+05 7.8264093026519E-03
1.1345214402684E+05 -5.433227866888E-03
1.134523392675E+05 -4.9725463613868E-03
1.1345253450816E+05 -2.1223346702754E-03
1.1345272974882E+05 -8.156138472259E-03
1.1345292498947E+05 2.8129993006587E-03
1.1345312023013E+05 3.5316257271916E-03
1.1345331547079E+05 2.0216023549438E-03
1.1345351071145E+05 1.7605585744604E-03
1.134537059521E+05 3.8488269783556E-03
1.1345390119276E+05 8.2334950566292E-03
1.1345409643342E+05 -9.7766751423478E-04
1.1345429167408E+05 -5.6001949124038E-03
1.1345448691473E+05 -5.494344048202E-03
1.1345468215539E+05 4.8091299831867E-03
1.1345487739605E+05 7.2073144838214E-03
1.1345507263671E+05 8.1093637272716E-03
1.1345526787736E+05 -1.6297562979162E-04
1.1345546311802E+05 -4.7391764819622E-03
1.1345565835868E+05 2.8684716671705E-03
1.1345585359933E+05 -2.8120432980359E-03
1.1345604883999E+05 -3.1824426259845E-03
1.1345624408065E+05 5.2293641492724E-03
1.1345643932131E+05 3.6201619077474E-03
1.1345663456196E+05 -6.592245772481E-03
1.1345682980262E+05 3.8065973203629E-03
1.1345702504328E+05 -8.8667450472713E-04
1.1345722028394E+05 5.4440908133984E-03
1.1345741552459E+05 1.4096528757364E-03
1.1345761076525E+05 -7.800156250596E-03
1.1345780600591E+05 -1.2164765503258E-03
1.1345800124657E+05 -2.937774406746E-03
1.1345819648722E+05 9.1284932568669E-03
1.1345839172788E+05 5.4360502399504E-03
1.1345858696854E+05 -4.4972538016737E-03
1.134587822092E+05 -0.016125332564116
1.1345897744985E+05 6.2140170484781E-06
1.1345917269051E+05 -6.1595868319273E-03
1.1345936793117E+05 -8.5038412362337E-04
1.1345956317183E+05 -0.01366897020489
1.1345975841248E+05 -0.012553215026855
1.1345995365314E+05 6.1153783462942E-04
1.134601488938E+05 3.7910544779152E-03
1.1346034413446E+05 -6.5552815794945E-03
1.1346053937511E+05 2.3551930207759E-03
1.1346073461577E+05 -9.0217059478164E-03
1.1346092985643E+05 5.1573216915131E-03
1.1346112509709E+05 1.0038728360087E-03
1.1346132033774E+05 -0.014351047575474
1.134615155784E+05 -0.024886658415198
1.1346171081906E+05 -0.013208805583417
1.1346190605972E+05 -6.9539118558168E-03
1.1346210130037E+05 -0.010158081538975
1.1346229654103E+05 -0.017520872876048
1.1346249178169E+05 -0.010878428816795
1.1346268702235E+05 -0.014217620715499
1.13462882263E+05 -5.3076175972819E-03
1.1346307750366E+05 -3.3533433452249E-04
1.1346327274432E+05 -7.5296750292182E-03
1.1346346798498E+05 -0.012871338054538
1.1346366322563E+05 4.2639654129744E-03
1.1346385846629E+05 6.2265209853649E-03
1.1346405370695E+05 -4.1916244663298E-04
1.1346424894761E+05 5.9077413752675E-03
1.1346444418826E+05 0.013040248304605
1.1346463942892E+05 -5.1251798868179E-04
1.1346483466958E+05 3.431802848354E-03
1.1346502991024E+05 5.1201074384153E-03
1.1346522515089E+05 2.2762133739889E-03
1.1346542039155E+05 -2.2437726147473E-04
1.1346561563221E+05 -2.181158401072E-03
1.1346581087286E+05 4.1055134497583E-03
1.1346600611352E+05 -1.5572481788695E-03
1.1346620135418E+05 -3.7472671829164E-04
1.1346639659484E+05 -1.83524354361E-03
1.1346659183549E+05 2.4686271790415E-03
1.1346678707615E+05 -7.9555632546544E-03
1.1346698231681E+05 3.6919841077179E-03
1.1346717755747E+05 0.010503904893994
1.1346737279812E+05 5.275865085423E-03
1.1346756803878E+05 -6.9710873067379E-03
1.1346776327944E+05 -4.4538243673742E-04
1.134679585201E+05 5.2647665143013E-05
1.1346815376075E+05 -1.3792905956507E-03
1.1346834900141E+05 -4.8708915710449E-03
1.1346854424207E+05 -4.6972711570561E-03
1.1346873948273E+05 -1.7815702594817E-03
1.1346893472338E+05 -3.6107480991632E-03
1.1346912996404E+05 5.905975587666E-03
1.134693252047E+05 0.010597529821098
1.1346952044536E+05 3.1888862140477E-03
1.1346971568601E+05 7.5051328167319E-04
1.1346991092667E+05 6.0359993949533E-03
1.1347010616733E+05 -7.3898788541555E-03
1.1347030140799E+05 -4.0255896747112E-03
1.1347049664864E+05 -6.2831677496433E-04
1.134706918893E+05 -0.010305032134056
1.1347088712996E+05 3.0314333271235E-03
1.1347108237062E+05 -5.1451693288982E-03
1.1347127761127E+05 -0.013262727297843
1.1347147285193E+05 -9.0992636978626E-04
1.1347166809259E+05 -4.1788243688643E-03
1.1347186333325E+05 -7.8710904344916E-03
1.134720585739E+05 5.1995837129653E-03
1.1347225381456E+05 -1.7196913249791E-03
1.1347244905522E+05 5.071540363133E-04
1.1347264429588E+05 5.360767710954E-03
1.1347283953653E+05 3.8479177746922E-03
1.1347303477719E+05 -2.7016990352422E-03
1.1347323001785E+05 6.7453691735864E-04
1.1347342525851E+05 6.5168938599527E-03
1.1347362049916E+05 1.4867475256324E-03
1.1347381573982E+05 1.8258128548041E-03
1.1347401098048E+05 1.8376318039373E-03
1.1347420622114E+05 -1.3090670108795E-04
1.1347440146179E+05 -5.5043864995241E-04
1.1347459670245E+05 -2.9053867328912E-03
1.1347479194311E+05 8.0252569168806E-03
1.1347498718376E+05 4.7552078031003E-03
1.1347518242442E+05 4.3883654288948E-03
1.1347537766508E+05 -1.0220264084637E-04
1.1347557290574E+05 4.159836564213E-03
1.1347576814639E+05 4.6289460733533E-03
1.1347596338705E+05 3.7542162463069E-03
1.1347615862771E+05 1.8881870200858E-03
1.1347635386837E+05 9.0473843738437E-03
1.1347654910902E+05 -4.0760352276266E-03
1.1347674434968E+05 -4.8014344647527E-03
1.1347693959034E+05 -2.0949416793883E-03
1.13477134831E+05 -6.1862897127867E-03
1.1347733007165E+05 8.2230777479708E-04
1.1347752531231E+05 2.8912830166519E-03
1.1347772055297E+05 3.6226366646588E-03
1.1347791579363E+05 8.8983718305826E-03
1.1347811103428E+05 -0.013003785163164
1.1347830627494E+05 -2.2188515868038E-03
1.134785015156E+05 6.722214166075E-04
1.1347869675626E+05 3.9053587242961E-03
1.1347889199691E+05 -5.0318082794547E-03
1.1347908723757E+05 -8.7239909917116E-03
1.1347928247823E+05 -3.6672637797892E-03
1.1347947771889E+05 -0.012473719194531
1.1347967295954E+05 3.8115188945085E-03
1.134798682002E+05 -1.7556166276336E-03
1.1348006344086E+05 -0.012238437309861
1.1348025868152E+05 -3.295968985185E-03
1.1348045392217E+05 -7.7235698699951E-03
1.1348064916283E+05 -0.010825752280653
1.1348084440349E+05 -3.6738854832947E-03
1.1348103964415E+05 2.6665630284697E-03
1.134812348848E+05 -6.0324994847178E-03
1.1348143012546E+05 -7.8485449776053E-03
1.1348162536612E+05 3.1801755540073E-03
1.1348182060678E+05 6.1057470738888E-03
1.1348201584743E+05 3.9791036397219E-03
1.1348221108809E+05 3.5420909989625E-03
1.1348240632875E+05 -1.9961926154792E-03
1.1348260156941E+05 -0.010301101021469
1.1348279681006E+05 -3.020151052624E-03
1.1348299205072E+05 -6.7453552037477E-03
1.1348318729138E+05 3.6825221031904E-03
1.1348338253204E+05 0.012560464441776
1.1348357777269E+05 -1.014563953504E-03
1.1348377301335E+05 -3.2851763535291E-03
1.1348396825401E+05 5.8258576318622E-03
1.1348416349467E+05 2.0727654919028E-03
1.1348435873532E+05 -5.9165097773075E-03
1.1348455397598E+05 -6.1715897172689E-03
1.1348474921664E+05 -2.1182810887694E-03
1.1348494445729E+05 8.1983655691147E-03
1.1348513969795E+05 4.6045808121562E-03
1.1348533493861E+05 -8.6902640759945E-04
1.1348553017927E+05 6.972293369472E-03
1.1348572541992E+05 -4.8646186478436E-03
1.1348592066058E+05 -2.4740949738771E-03
1.1348611590124E+05 -7.7340612187982E-03
1.134863111419E+05 4.846079275012E-03
1.1348650638255E+05 6.6744415089488E-03
1.1348670162321E+05 8.9806402102113E-03
1.1348689686387E+05 0.021463245153427
1.1348709210453E+05 0.014631262049079
1.1348728734518E+05 0.03664343059063
1.1348748258584E+05 0.071185268461704
1.134876778265E+05 0.10695850849152
1.1348787306716E+05 0.14071662724018
1.1348806830781E+05 0.14960554242134
1.1348826354847E+05 0.2016941010952
1.1348845878913E+05 0.199616715312
1.1348865402979E+05 0.15787686407566
1.1348884927044E+05 0.12204942107201
1.134890445111E+05 0.088651940226555
1.1348923975176E+05 0.044952686876059
1.1348943499242E+05 0.027559507638216
1.1348963023307E+05 0.028402626514435
1.1348982547373E+05 0.045759573578835
1.1349002071439E+05 0.074691541492939
1.1349021595505E+05 0.13587319850922
1.134904111957E+05 0.18935361504555
1.1349060643636E+05 0.24804620444775
1.1349080167702E+05 0.25171980261803
1.1349099691768E+05 0.35703355073929
1.1349119215833E+05 0.47370678186417
1.1349138739899E+05 0.42738071084023
1.1349158263965E+05 0.34338608384132
1.1349177788031E+05 0.25028598308563
1.1349197312096E+05 0.13091638684273
1.1349216836162E+05 0.061061907559633
1.1349236360228E+05 0.027366876602173
1.1349255884294E+05 6.7055793479085E-03
1.1349275408359E+05 9.3231983482838E-03
1.1349294932425E+05 -1.9079237245023E-03
1.1349314456491E+05 4.4557638466358E-03
1.1349333980557E+05 3.437700914219E-03
1.1349353504622E+05 -2.5248173624277E-03
1.1349373028688E+05 -1.8074326217175E-03
1.1349392552754E+05 6.4909756183624E-03
1.1349412076819E+05 5.9314919635653E-03
1.1349431600885E+05 3.5641095601022E-03
1.1349451124951E+05 -7.9679042100906E-03
1.1349470649017E+05 9.1007128357887E-03
1.1349490173082E+05 4.1434052400291E-03
1.1349509697148E+05 -1.2964254710823E-03
1.1349529221214E+05 1.340254675597E-03
1.134954874528E+05 -8.0654909834266E-03
1.1349568269345E+05 1.441087690182E-03
1.1349587793411E+05 7.5641870498657E-03
1.1349607317477E+05 -6.4698550850153E-03
1.1349626841543E+05 5.1404512487352E-03
1.1349646365608E+05 4.240870475769E-05
1.1349665889674E+05 2.9037850908935E-03
1.134968541374E+05 3.3658645115793E-03
1.1349704937806E+05 -2.0230198279023E-03
1.1349724461871E+05 -8.6574628949165E-04
1.1349743985937E+05 3.8357777521014E-04
1.1349763510003E+05 -2.3891096934676E-03
1.1349783034069E+05 8.6075882427394E-04
1.1349802558134E+05 6.3353371806443E-03
1.13498220822E+05 5.7989042252302E-03
1.1349841606266E+05 0.02023103274405
1.1349861130332E+05 0.022287325933576
1.1349880654397E+05 0.027210727334023
1.1349900178463E+05 0.057914469391108
1.1349919702529E+05 0.089843697845936
1.1349939226595E+05 0.10935072600842
1.134995875066E+05 0.13303907215595
1.1349978274726E+05 0.16307732462883
1.1349997798792E+05 0.15158072113991
1.1350017322858E+05 0.11271021515131
1.1350036846923E+05 0.093385227024555
1.1350056370989E+05 0.048810381442308
1.1350075895055E+05 0.025778917595744
1.1350095419121E+05 0.013647601008415
1.1350114943186E+05 4.6637081541121E-03
1.1350134467252E+05 -6.2784790061414E-03
1.1350153991318E+05 7.0290146395564E-03
1.1350173515384E+05 6.294772028923E-03
1.1350193039449E+05 -6.4563332125545E-04
1.1350212563515E+05 -3.4382923040539E-03
1.1350232087581E+05 3.2606017775834E-03
1.1350251611647E+05 5.2945516072214E-03
1.1350271135712E+05 -4.085895139724E-03
1.1350290659778E+05 3.2962991390377E-03
1.1350310183844E+05 6.1215218156576E-03
1.1350329707909E+05 3.4527948591858E-03
1.1350349231975E+05 -2.1797302179039E-04
1.1350368756041E+05 5.4090190678835E-03
1.1350388280107E+05 1.3049198314548E-03
1.1350407804172E+05 9.6468357369304E-03
1.1350427328238E+05 -2.1060996223241E-03
1.1350446852304E+05 -1.2187028769404E-03
1.135046637637E+05 3.4149221610278E-03
1.1350485900435E+05 3.3059385605156E-03
1.1350505424501E+05 1.5378457028419E-03
1.1350524948567E+05 -7.2343982756138E-03
1.1350544472633E+05 -1.6990266740322E-03
1.1350563996698E+05 -3.9683831855655E-03
1.1350583520764E+05 5.3067598491907E-03
1.135060304483E+05 -9.0146297588944E-04
1.1350622568896E+05 5.5864816531539E-03
1.1350642092961E+05 4.6337945386767E-03
1.1350661617027E+05 3.5313344560564E-03
1.1350681141093E+05 9.426272008568E-04
1.1350700665159E+05 -1.1466366704553E-03
1.1350720189224E+05 1.6059926711023E-03
1.135073971329E+05 9.5662400126457E-03
1.1350759237356E+05 -3.512643976137E-03
1.1350778761422E+05 0.017371114343405
1.1350798285487E+05 0.020771814510226
1.1350817809553E+05 0.042701043188572
1.1350837333619E+05 0.075054846704006
1.1350856857685E+05 0.096195302903652
1.135087638175E+05 0.11562632769346
1.1350895905816E+05 0.15064135193825
1.1350915429882E+05 0.16157910227776
1.1350934953948E+05 0.14158090949059
1.1350954478013E+05 0.10352569073439
1.1350974002079E+05 0.084431231021881
1.1350993526145E+05 0.048588681966066
1.1351013050211E+05 0.014984048902988
1.1351032574276E+05 2.0462709944695E-03
1.1351052098342E+05 4.8260157927871E-03
1.1351071622408E+05 -5.9772515669465E-04
1.1351091146474E+05 -2.9455716721714E-03
1.1351110670539E+05 -5.7585528120399E-03
1.1351130194605E+05 0.010651670396328
1.1351149718671E+05 6.6541153937578E-03
1.1351169242737E+05 5.8690933510661E-03
1.1351188766802E+05 -4.1679451242089E-03
1.1351208290868E+05 -2.3515087086707E-03
1.1351227814934E+05 -6.3280239701271E-03
1.1351247339E+05 7.6034925878048E-03
1.1351266863065E+05 -5.9738615527749E-04
1.1351286387131E+05 -8.9440364390612E-03
1.1351305911197E+05 -1.4579338021576E-03
1.1351325435262E+05 3.0306680127978E-04
1.1351344959328E+05 -3.9082150906324E-03
1.1351364483394E+05 5.1290700212121E-03
1.135138400746E+05 -3.1605334952474E-03
1.1351403531525E+05 3.6520615685731E-03
1.1351423055591E+05 1.0444012004882E-03
1.1351442579657E+05 -1.2615718878806E-04
1.1351462103723E+05 1.4233691617846E-03
1.1351481627788E+05 1.2092129327357E-03
1.1351501151854E+05 3.5246436018497E-03
1.135152067592E+05 -5.0654234364629E-03
1.1351540199986E+05 -2.5773101951927E-03
1.1351559724051E+05 8.0345114693046E-03
1.1351579248117E+05 2.2914742585272E-03
1.1351598772183E+05 0.010873851366341
1.1351618296249E+05 -3.5466102417558E-03
1.1351637820314E+05 7.3282159864902E-03
1.135165734438E+05 1.9569785799831E-03
1.1351676868446E+05 3.5013677552342E-04
1.1351696392512E+05 -2.2248094901443E-03
1.1351715916577E+05 8.5387378931046E-03
1.1351735440643E+05 3.3678975887597E-04
1.1351754964709E+05 6.106635555625E-03
1.1351774488775E+05 -8.0674896016717E-03
1.135179401284E+05 6.6961506381631E-03
1.1351813536906E+05 -1.0869286488742E-03
1.1351833060972E+05 -5.2393549121916E-03
1.1351852585038E+05 -4.3181655928493E-03
1.1351872109103E+05 3.0226784292608E-03
1.1351891633169E+05 0.010779950767756
1.1351911157235E+05 -3.2952884212136E-03
1.1351930681301E+05 -1.419521169737E-03
1.1351950205366E+05 9.9081778898835E-03
1.1351969729432E+05 8.5028726607561E-03
1.1351989253498E+05 0.0124879963696
1.1352008777564E+05 0.019855519756675
1.1352028301629E+05 0.024326734244823
1.1352047825695E+05 0.027376158162951
1.1352067349761E+05 0.029737243428826
1.1352086873827E+05 0.024925267323852
1.1352106397892E+05 0.015708319842815
1.1352125921958E+05 0.015463819727302
1.1352145446024E+05 5.6924456730485E-03
1.135216497009E+05 6.6675860434771E-03
1.1352184494155E+05 0.010282604955137
1.1352204018221E+05 1.4105432201177E-03
1.1352223542287E+05 3.4860237501562E-03
1.1352243066352E+05 2.8442479670048E-03
1.1352262590418E+05 6.1117699369788E-03
1.1352282114484E+05 -3.8881753571332E-03
1.135230163855E+05 -9.5250736922026E-04
1.1352321162615E+05 1.547202700749E-03
1.1352340686681E+05 3.9976765401661E-04
1.1352360210747E+05 2.0809099078178E-03
1.1352379734813E+05 1.8173188436776E-03
1.1352399258878E+05 5.2751018665731E-03
1.1352418782944E+05 -3.9733294397593E-03
1.135243830701E+05 -8.7328422814608E-03
1.1352457831076E+05 4.7568837180734E-03
1.1352477355141E+05 5.7537285611033E-03
1.1352496879207E+05 4.477936308831E-04
1.1352516403273E+05 -3.335599321872E-04
1.1352535927339E+05 -1.6652750782669E-03
1.1352555451404E+05 -4.001755733043E-03
1.135257497547E+05 1.7220582813025E-03
1.1352594499536E+05 -7.0120659656823E-03
1.1352614023602E+05 6.2955413013697E-03
1.1352633547667E+05 3.827566280961E-03
1.1352653071733E+05 8.8555281981826E-03
1.1352672595799E+05 8.0317407846451E-03
1.1352692119865E+05 6.2179509550333E-03
1.135271164393E+05 -4.2888727039099E-03
1.1352731167996E+05 -6.1859088018537E-03
1.1352750692062E+05 -3.4539441112429E-03
1.1352770216128E+05 -1.412452198565E-03
1.1352789740193E+05 -0.010219000279903
1.1352809264259E+05 -1.2221056967974E-03
1.1352828788325E+05 9.3744862824678E-03
1.1352848312391E+05 -1.7867544665933E-03
1.1352867836456E+05 -1.8639308400452E-03
1.1352887360522E+05 -1.2630620039999E-03
1.1352906884588E+05 -4.4692307710648E-03
1.1352926408654E+05 -6.3418508507311E-03
1.1352945932719E+05 7.4560232460499E-03
1.1352965456785E+05 6.0694813728333E-03
1.1352984980851E+05 -2.4172903504223E-03
1.1353004504917E+05 -2.5538506451994E-03
1.1353024028982E+05 -3.5169508773834E-03
1.1353043553048E+05 -1.5974086709321E-03
1.1353063077114E+05 -1.4210760127753E-03
1.135308260118E+05 -7.9464353621006E-04
1.1353102125245E+05 -0.018404284492135
1.1353121649311E+05 4.2249714024365E-03
1.1353141173377E+05 1.6461953055114E-03
1.1353160697442E+05 -6.0606496408582E-03
1.1353180221508E+05 -8.7743736803532E-03
1.1353199745574E+05 -8.643358014524E-03
1.135321926964E+05 -3.6087774205953E-03
1.1353238793705E+05 5.7954806834459E-03
1.1353258317771E+05 1.444353023544E-03
1.1353277841837E+05 6.4488314092159E-04
1.1353297365903E+05 2.522814553231E-03
1.1353316889968E+05 -6.5374039113522E-03
1.1353336414034E+05 -8.7306201457977E-03
1.13533559381E+05 9.6305948682129E-04
1.1353375462166E+05 -2.3922282271087E-03
1.1353394986231E+05 1.9706035964191E-03
1.1353414510297E+05 1.4182340819389E-03
1.1353434034363E+05 1.7403110396117E-03
1.1353453558429E+05 0.011589088477194
1.1353473082494E+05 2.9720249585807E-04
1.135349260656E+05 1.2464330065995E-03
1.1353512130626E+05 6.8797883577645E-03
1.1353531654692E+05 -6.4689954742789E-03
1.1353551178757E+05 -3.5500025842339E-03
1.1353570702823E+05 -4.7887582331896E-03
1.1353590226889E+05 0.011035398580134
1.1353609750955E+05 -3.2117138616741E-03
1.135362927502E+05 -4.8339599743485E-03
1.1353648799086E+05 -1.9025062210858E-03
1.1353668323152E+05 1.2103535700589E-03
1.1353687847218E+05 -7.4038966558874E-03
1.1353707371283E+05 2.1585018839687E-03
1.1353726895349E+05 -0.012703320011497
1.1353746419415E+05 -8.9139426127076E-03
1.1353765943481E+05 -4.1965497657657E-03
1.1353785467546E+05 9.3647725880146E-03
1.1353804991612E+05 4.9334019422531E-04
1.1353824515678E+05 5.1037454977632E-04
1.1353844039744E+05 1.0401669424027E-03
1.1353863563809E+05 -2.7256610337645E-03
1.1353883087875E+05 -1.3859218452126E-03
1.1353902611941E+05 -0.010518540628254
1.1353922136007E+05 1.2836961541325E-03
1.1353941660072E+05 2.6935362257063E-04
1.1353961184138E+05 9.4180759042501E-03
1.1353980708204E+05 -5.1055722869933E-03
1.135400023227E+05 -2.0291074179113E-04
1.1354019756335E+05 -2.6975362561643E-03
1.1354039280401E+05 2.0971689373255E-03
1.1354058804467E+05 -8.6247157305479E-03
1.1354078328533E+05 8.4505686536431E-03
1.1354097852598E+05 6.0205981135368E-03
1.1354117376664E+05 -1.1236022692174E-03
1.135413690073E+05 -4.4250711798668E-03
1.1354156424795E+05 -6.2052928842604E-04
1.1354175948861E+05 -8.4385508671403E-05
1.1354195472927E+05 -1.819423167035E-03
1.1354214996993E+05 3.315617563203E-03
1.1354234521058E+05 6.1147511005402E-03
1.1354254045124E+05 2.385726198554E-03
1.135427356919E+05 -8.0165639519691E-03
1.1354293093256E+05 -3.2716989517212E-04
1.1354312617321E+05 -2.4189515970647E-03
1.1354332141387E+05 4.4382689520717E-03
1.1354351665453E+05 -0.010969733819366
1.1354371189519E+05 -3.7021082825959E-03
1.1354390713584E+05 -5.1709939725697E-04
1.135441023765E+05 -1.1585808824748E-03
1.1354429761716E+05 -8.9623611420393E-03
1.1354449285782E+05 9.2942621558905E-03
1.1354468809847E+05 8.8483467698097E-04
1.1354488333913E+05 2.4205921217799E-03
1.1354507857979E+05 1.159532694146E-03
1.1354527382045E+05 3.3673492725939E-03
1.135454690611E+05 2.7194253634661E-03
1.1354566430176E+05 -7.0969900116324E-04
1.1354585954242E+05 3.7634745240211E-05
1.1354605478308E+05 6.3479752279818E-03
1.1354625002373E+05 5.9741921722889E-03
1.1354644526439E+05 2.5364703033119E-03
1.1354664050505E+05 1.9624717533588E-03
1.1354683574571E+05 -3.5334907006472E-03
1.1354703098636E+05 2.2898311726749E-04
1.1354722622702E+05 -5.1131770014763E-03
1.1354742146768E+05 1.6318943817168E-03
1.1354761670834E+05 2.5399122387171E-04
1.1354781194899E+05 6.7435335367918E-03
1.1354800718965E+05 3.5862196236849E-03
1.1354820243031E+05 -2.8237081132829E-03
1.1354839767097E+05 3.0931164510548E-03
1.1354859291162E+05 1.7486073775217E-03
