513.44023240759 8.2412473857403E-03
512.92372753052 -1.7750428523868E-03
512.40722265344 -4.9117584712803E-03
511.89071777637 -5.8381101116538E-03
511.3742128993 -6.4884861931205E-03
510.85770802223 8.0480435863137E-03
510.34120314515 2.0771818235517E-03
509.82469826808 -2.6377257890999E-03
509.30819339101 5.1909852772951E-03
508.79168851394 5.8398256078362E-03
508.27518363686 -4.6133925206959E-03
507.75867875979 -5.45718614012E-03
507.24217388272 -1.1009310837835E-03
506.72566900565 -3.7687865551561E-03
506.20916412858 -4.6429508365691E-03
505.6926592515 2.5419413577765E-03
505.17615437443 -7.796511054039E-03
504.65964949736 -4.6334210783243E-03
504.14314462029 -1.7421147786081E-03
503.62663974321 -2.7281744405627E-04
503.11013486614 -9.4989286735654E-03
502.59362998907 -0.010603706352413
502.077125112 -5.9537440538406E-03
501.56062023493 -1.0628511663526E-03
501.04411535785 4.0937839075923E-03
500.52761048078 4.8651760444045E-03
500.01110560371 2.4491983931512E-03
499.49460072664 -2.3432963062078E-03
498.97809584956 1.1608990607783E-03
498.46159097249 -1.1237617582083E-04
497.94508609542 3.0362629331648E-05
497.42858121835 -2.0645768381655E-03
496.91207634127 -1.034690765664E-03
496.3955714642 8.3953738212585E-03
495.87906658713 3.6556723061949E-03
495.36256171006 -4.6191224828362E-04
494.84605683299 2.4698199704289E-03
494.32955195591 1.6264636069536E-03
493.81304707884 9.1921328566968E-04
493.29654220177 8.1728032091632E-04
492.7800373247 -2.577954903245E-03
492.26353244762 2.4670986458659E-03
491.74702757055 7.2500761598349E-04
491.23052269348 9.0680422727019E-04
490.71401781641 7.0851482450962E-03
490.19751293933 9.4310268759727E-03
489.68100806226 3.3179362071678E-04
489.16450318519 -7.1508116088808E-03
488.64799830812 2.8409236110747E-03
488.13149343105 -1.6713317018002E-04
487.61498855397 1.4800576027483E-03
487.0984836769 4.4327299110591E-03
486.58197879983 5.130140343681E-04
486.06547392276 5.2935173735023E-03
485.54896904568 -0.010453199967742
485.03246416861 -6.7576291039586E-03
484.51595929154 6.0179671272635E-03
483.99945441447 1.6368061769754E-03
483.48294953739 8.9323446154594E-03
482.96644466032 -9.2663690447807E-03
482.44993978325 -8.0342520959675E-05
481.93343490618 -4.8742187209427E-04
481.41693002911 -6.904472829774E-04
480.90042515203 1.8740468658507E-04
480.38392027496 1.6860477626324E-03
479.86741539789 1.2834649533033E-04
479.35091052082 -5.3091552108526E-03
478.83440564374 -4.4026738032699E-03
478.31790076667 1.7109332839027E-03
477.8013958896 2.3614703677595E-03
477.28489101253 -2.8365093749017E-03
476.76838613545 5.1895743235946E-03
476.25188125838 -6.7760553210974E-03
475.73537638131 -1.3875134754926E-04
475.21887150424 5.3270338103175E-03
474.70236662717 5.7336334139109E-03
474.18586175009 -3.4828661009669E-03
473.66935687302 3.8770446553826E-04
473.15285199595 3.0787447467446E-03
472.63634711888 -4.6376325190067E-03
472.1198422418 4.3757949024439E-03
471.60333736473 7.5800425838679E-04
471.08683248766 -1.520732184872E-03
470.57032761059 -3.4599092323333E-03
470.05382273351 -6.3451817259192E-03
469.53731785644 1.016021007672E-03
469.02081297937 1.8028197810054E-03
468.5043081023 -2.3949914611876E-03
467.98780322523 -6.4023332670331E-03
467.47129834815 -2.207945799455E-03
466.95479347108 -2.2966170217842E-04
466.43828859401 -3.8082064129412E-03
465.92178371694 2.1430912893265E-03
465.40527883986 4.8316558822989E-03
464.88877396279 5.7162082521245E-04
464.37226908572 -2.4647146929055E-03
463.85576420865 3.577986266464E-03
463.33925933158 5.726644769311E-03
462.8227544545 -4.7157458029687E-03
462.30624957743 2.2554339375347E-03
461.78974470036 -4.403374157846E-03
461.27323982329 -0.010569326579571
460.75673494621 1.6044510994107E-03
460.24023006914 -0.010745858773589
459.72372519207 -8.288599550724E-03
459.207220315 -0.012316759675741
458.69071543792 -0.013347297906876
458.17421056085 -6.8431040272117E-03
457.65770568378 1.2971633113921E-03
457.14120080671 -3.2046167179942E-03
456.62469592964 7.1107214316726E-03
456.10819105256 2.514433581382E-03
455.59168617549 0.012263182550669
455.07518129842 3.685147035867E-03
454.55867642135 3.3274041488767E-03
454.04217154427 4.2716944590211E-03
453.5256666672 -8.669525384903E-03
453.00916179013 2.3199920542538E-03
452.49265691306 -3.9207013323903E-03
451.97615203598 -2.6619925629348E-03
451.45964715891 -3.9342679083347E-03
450.94314228184 8.666418492794E-03
450.42663740477 1.9332154188305E-03
449.9101325277 -3.5887933336198E-03
449.39362765062 0.012101549655199
448.87712277355 1.6815572744235E-03
448.36061789648 2.6706093922257E-03
447.84411301941 5.3657032549381E-04
447.32760814233 -3.5515136551112E-03
446.81110326526 -1.015760935843E-03
446.29459838819 -8.5853459313512E-04
445.77809351112 -7.2868494316936E-04
445.26158863404 5.2213463932276E-03
444.74508375697 8.8488198816776E-03
444.2285788799 2.9146490851417E-04
443.71207400283 1.5294529730454E-03
443.19556912576 3.5562762059271E-03
442.67906424868 3.0885455198586E-03
442.16255937161 -2.8388393111527E-03
441.64605449454 7.3888758197427E-03
441.12954961747 -4.0425378829241E-03
440.61304474039 7.3628779500723E-03
440.09653986332 0.013544030487537
439.58003498625 0.02317376062274
439.06353010918 0.022499782964587
438.5470252321 0.034501172602177
438.03052035503 0.023832406848669
437.51401547796 0.011400684714317
436.99751060089 0.015288535505533
436.48100572382 0.011803464964032
435.96450084674 4.8543438315392E-03
435.44799596967 -1.57076632604E-03
434.9314910926 -9.9239451810718E-04
434.41498621553 4.5676734298468E-03
433.89848133845 1.6249192412943E-03
433.38197646138 3.8839562330395E-03
432.86547158431 3.7679655943066E-03
432.34896670724 3.1664213165641E-03
431.83246183017 4.7329412773252E-03
431.31595695309 4.2556994594634E-03
430.79945207602 4.175771959126E-03
430.28294719895 2.6179705746472E-03
429.76644232188 -2.981617115438E-03
429.2499374448 0.011894645169377
428.73343256773 2.7540815062821E-03
428.21692769066 -1.0040355846286E-03
427.70042281359 -5.4433341138065E-03
427.18391793651 9.9725625477731E-04
426.66741305944 6.1323642730713E-03
426.15090818237 -3.2477213535458E-03
425.6344033053 3.127331729047E-04
425.11789842823 4.5086233876646E-03
424.60139355115 -5.8856327086687E-03
424.08488867408 4.9681072123349E-03
423.56838379701 1.5922065358609E-04
423.05187891994 2.2848141379654E-03
422.53537404286 2.4314827751368E-03
422.01886916579 7.1727097965777E-03
421.50236428872 -1.7203523311764E-03
420.98585941165 4.9088317900896E-03
420.46935453457 3.3951115328819E-03
419.9528496575 7.943476550281E-03
419.43634478043 -4.0887519717216E-03
418.91983990336 6.597597617656E-03
418.40333502629 2.5619298685342E-04
417.88683014921 2.0152139477432E-03
417.37032527214 7.9326040577143E-04
416.85382039507 4.2903318535537E-04
416.337315518 -5.1993951201439E-03
415.82081064092 -5.9389052912593E-03
415.30430576385 8.655009791255E-03
414.78780088678 -2.1108274813741E-04
414.27129600971 -1.9371849484742E-03
413.75479113263 -7.4525596573949E-03
413.23828625556 -5.4923770949244E-03
412.72178137849 -3.3139996230602E-03
412.20527650142 1.616821042262E-03
411.68877162435 4.0793484076858E-03
411.17226674727 -3.0939246062189E-03
410.6557618702 -3.8436539471149E-03
410.13925699313 -2.6287140790373E-03
409.62275211606 -3.4509205725044E-03
409.10624723898 5.8968258090317E-03
408.58974236191 5.3301616571844E-03
408.07323748484 1.4042191905901E-03
407.55673260777 8.1992167979479E-03
407.04022773069 6.6880439408123E-04
406.52372285362 5.0289696082473E-03
406.00721797655 2.7496395632625E-03
405.49071309948 8.7775215506554E-03
404.97420822241 6.2859985046089E-03
404.45770334533 4.772043786943E-03
403.94119846826 -1.6532670706511E-03
403.42469359119 7.2773508727551E-03
402.90818871412 1.0889321565628E-03
402.39168383704 7.0515219122171E-03
401.87517895997 -7.682841271162E-03
401.3586740829 1.2620786437765E-03
400.84216920583 -2.4748961441219E-03
400.32566432875 -6.8895304575562E-03
399.80915945168 -1.0691869538277E-03
399.29265457461 7.846915978007E-04
398.77614969754 4.3420605361462E-03
398.25964482047 -8.0485013313591E-05
397.74313994339 -1.8654756713659E-03
397.22663506632 2.7478286065161E-03
396.71013018925 -2.4682958610356E-03
396.19362531218 -2.8639461379498E-04
395.6771204351 9.1528305783868E-03
395.16061555803 6.8807983770967E-03
394.64411068096 7.4290968477726E-03
394.12760580389 0.012848329730332
393.61110092682 6.8830805830657E-03
393.09459604974 3.4392580855638E-03
392.57809117267 -9.0912319719791E-03
392.0615862956 -4.882316570729E-03
391.54508141853 -1.8419099505991E-03
391.02857654145 -3.9227288216352E-03
390.51207166438 -0.01124370470643
389.99556678731 -8.519503287971E-03
389.47906191024 -0.010462034493685
388.96255703316 -5.4615652188659E-03
388.44605215609 -2.277675550431E-03
387.92954727902 2.4283949751407E-03
387.41304240195 4.8964526504278E-03
386.89653752488 0.013110131956637
386.3800326478 0.027933334931731
385.86352777073 0.062686681747437
385.34702289366 0.10772030055523
384.83051801659 0.11181757599115
384.31401313951 0.14525187015533
383.79750826244 0.19211862981319
383.28100338537 0.18323101103306
382.7644985083 0.1513205319643
382.24799363122 0.11198189109564
381.73148875415 0.077751591801643
381.21498387708 0.038467466831207
380.69847900001 0.017241857945919
380.18197412294 4.6469490043819E-03
379.66546924586 0.012796972878277
379.14896436879 -1.5581208281219E-03
378.63245949172 0.010238325223327
378.11595461465 2.9866320546716E-03
377.59944973757 1.8508863868192E-03
377.0829448605 -6.9204065948725E-04
376.56643998343 1.6109490534291E-03
376.04993510636 5.8851228095591E-03
375.53343022928 1.0870862752199E-06
375.01692535221 8.0952967982739E-04
374.50042047514 7.4771943036467E-04
373.98391559807 3.9818151853979E-03
373.467410721 7.5227124616504E-03
372.95090584392 5.1265992224216E-03
372.43440096685 4.4054752215743E-03
371.91789608978 1.2973941629753E-03
371.40139121271 4.9776379019022E-03
370.88488633563 -2.211558399722E-03
370.36838145856 -1.9102962687612E-04
369.85187658149 5.3092581219971E-03
369.33537170442 -5.9730410575867E-03
368.81886682734 -6.0559064149857E-04
368.30236195027 7.0739868097007E-03
367.7858570732 0.01323751732707
367.26935219613 0.010869472287595
366.75284731906 -2.4296347983181E-03
366.23634244198 -8.6365640163422E-04
365.71983756491 5.5057751014829E-03
365.20333268784 -4.4265631586313E-03
364.68682781077 -8.2249296829104E-03
364.17032293369 1.3813972473145E-03
363.65381805662 7.7465577051044E-03
363.13731317955 1.2355543440208E-03
362.62080830248 4.2439759708941E-03
362.10430342541 7.0408877218142E-04
361.58779854833 -1.9785242620856E-03
361.07129367126 -8.2740625366569E-03
360.55478879419 7.8259408473969E-03
360.03828391712 -9.1336565092206E-03
359.52177904004 -9.8103024065495E-03
359.00527416297 -1.2855189852417E-03
358.4887692859 -3.3096470870078E-03
357.97226440883 -4.0483088232577E-03
357.45575953175 0.011946812272072
356.93925465468 4.9755508080125E-03
356.42274977761 -6.3313394784927E-03
355.90624490054 -2.2426131181419E-03
355.38974002347 -1.9001590553671E-03
354.87323514639 1.9561494700611E-03
354.35673026932 6.8857236765325E-03
353.84022539225 8.0784829333425E-03
353.32372051518 -1.3972953893244E-03
352.8072156381 3.8164095021784E-03
352.29071076103 -9.0202898718417E-05
351.77420588396 2.3192460648715E-03
351.25770100689 -7.3213987052441E-03
350.74119612981 4.729185719043E-03
350.22469125274 1.3904279330745E-03
349.70818637567 0.011241284199059
349.1916814986 8.5571799427271E-03
348.67517662153 -2.951396163553E-05
348.15867174445 3.5096539650112E-03
347.64216686738 -1.04073388502E-03
347.12566199031 1.1008937144652E-03
346.60915711324 -1.779573271051E-03
346.09265223616 3.3507274929434E-04
345.57614735909 -6.7940028384328E-03
345.05964248202 3.4431372769177E-03
344.54313760495 0.010956116952002
344.02663272787 -3.9570638909936E-03
343.5101278508 2.0815392490476E-03
342.99362297373 -1.2540030293167E-03
342.47711809666 4.0763504803181E-03
341.96061321959 -5.62793482095E-03
341.44410834251 -1.853647409007E-04
340.92760346544 -3.0723810195923E-03
340.41109858837 2.7852272614837E-04
339.8945937113 -7.787624374032E-03
339.37808883422 0.012004800140858
338.86158395715 1.9578286446631E-03
338.34507908008 6.9413060555235E-04
337.82857420301 -2.5735411327332E-04
337.31206932593 -6.6973022185266E-03
336.79556444886 -6.8443370983005E-03
336.27905957179 -0.010435446165502
335.76255469472 -9.2662302777171E-03
335.24604981765 -0.013237842358649
334.72954494057 -0.011515335179865
334.2130400635 -2.1033515222371E-03
333.69653518643 -2.3382292129099E-03
333.18003030936 -6.0555590316653E-03
332.66352543228 -5.879876203835E-03
332.14702055521 -5.4976800456643E-03
331.63051567814 5.269137211144E-03
331.11401080107 3.8404180668294E-04
330.59750592399 1.299201278016E-03
330.08100104692 8.2101457519457E-04
329.56449616985 -6.929827388376E-03
329.04799129278 2.6944428682327E-03
328.53148641571 -4.241781309247E-03
328.01498153863 5.8422381989658E-03
327.49847666156 4.921211861074E-03
326.98197178449 -1.8094596453011E-03
326.46546690742 0.013988967984915
325.94896203034 0.011764300987124
325.43245715327 3.8260554429144E-03
324.9159522762 -1.8929948564619E-03
324.39944739913 6.3755330629647E-03
323.88294252206 4.1638286784291E-03
323.36643764498 5.3311483934522E-03
322.84993276791 6.6521358676255E-03
322.33342789084 -7.8538502566516E-04
321.81692301377 2.2632582113147E-03
321.30041813669 8.5037546232343E-03
320.78391325962 0.014038799330592
320.26740838255 5.8799721300602E-03
319.75090350548 7.5076106004417E-03
319.2343986284 5.5150846019387E-03
318.71789375133 8.0033461563289E-04
318.20138887426 3.2977180089802E-03
317.68488399719 0.017763808369637
317.16837912012 0.021141508594155
316.65187424304 0.033471740782261
316.13536936597 0.049773115664721
315.6188644889 0.092029392719269
315.10235961183 0.12037677317858
314.58585473475 0.13726118206978
314.06934985768 0.17809364199638
313.55284498061 0.18466366827488
313.03634010354 0.14704348146915
312.51983522646 0.1159954443574
312.00333034939 0.083158493041992
311.48682547232 0.042484868317842
310.97032059525 0.011635852046311
310.45381571818 0.022920019924641
309.9373108411 9.6074696630239E-03
309.42080596403 2.1736011840403E-03
308.90430108696 -3.5060364753008E-03
308.38779620989 3.2358663156629E-03
307.87129133281 7.2050886228681E-03
307.35478645574 2.9026987031102E-03
306.83828157867 5.9974996838719E-04
306.3217767016 -6.9374865852296E-03
305.80527182452 -3.7016179412603E-03
305.28876694745 8.8099017739296E-03
304.77226207038 3.5646739415824E-03
304.25575719331 5.5292104370892E-03
303.73925231624 4.025362432003E-03
303.22274743916 2.3301220498979E-03
302.70624256209 5.8051673695445E-03
302.18973768502 -4.2814323678613E-03
301.67323280795 6.0095768421888E-03
301.15672793087 -3.2599596306682E-03
300.6402230538 8.5331071168184E-03
300.12371817673 -7.7956905588508E-03
299.60721329966 6.9731650874019E-03
299.09070842258 8.6223492398858E-03
298.57420354551 -3.4316966775805E-03
298.05769866844 -5.0667021423578E-03
297.54119379137 3.5119629465044E-03
297.0246889143 2.403418533504E-03
296.50818403722 -1.1444732081145E-03
295.99167916015 7.6730353757739E-03
295.47517428308 2.6964745484293E-03
294.95866940601 -4.2513711377978E-04
294.44216452893 1.8118977313861E-03
293.92565965186 3.7739698309451E-03
293.40915477479 -5.9328121133149E-03
292.89264989772 6.8787229247391E-04
292.37614502065 3.1169597059488E-03
291.85964014357 5.2546020597219E-03
291.3431352665 -6.9107906892896E-04
290.82663038943 -7.892357185483E-03
290.31012551236 2.9559435788542E-03
289.79362063528 5.7905213907361E-03
289.27711575821 -4.2385566048324E-03
288.76061088114 2.4723913520575E-03
288.24410600407 3.3312814775854E-04
287.72760112699 6.5146405249834E-03
287.21109624992 0.013548973947763
286.69459137285 9.3004480004311E-03
286.17808649578 0.012729112058878
285.66158161871 6.5351198427379E-03
285.14507674163 0.011445809155703
284.62857186456 -1.915933098644E-03
284.11206698749 -3.2581191044301E-04
283.59556211042 5.6903797667474E-04
283.07905723334 -2.3611644282937E-03
282.56255235627 -1.500952988863E-03
282.0460474792 -2.5090456474572E-03
281.52954260213 1.7879328224808E-03
281.01303772505 1.1702176416293E-03
280.49653284798 -3.0395200010389E-03
279.98002797091 -3.5196747630835E-03
279.46352309384 4.5981891453266E-03
278.94701821677 2.8094975277781E-03
278.43051333969 3.2073138281703E-03
277.91400846262 5.010281689465E-03
277.39750358555 -1.1273275595158E-04
276.88099870848 -2.0246177446097E-03
276.3644938314 0.010983819141984
275.84798895433 4.7966470010579E-03
275.33148407726 -6.2474473379552E-03
274.81497920019 2.3856558836997E-03
274.29847432311 -2.4728232529014E-03
273.78196944604 4.58924472332E-03
273.26546456897 7.3596590664238E-04
272.7489596919 1.0964527027681E-03
272.23245481483 -2.3541348055005E-03
271.71594993775 0.011211507022381
271.19944506068 -2.7506183832884E-03
270.68294018361 -6.4052399247885E-03
270.16643530654 6.9422950036824E-03
269.64993042946 6.9363759830594E-03
269.13342555239 2.012079115957E-03
268.61692067532 -2.0826179534197E-03
268.10041579825 -1.8956454005092E-03
267.58391092117 -2.6369979605079E-04
267.0674060441 -0.011456337757409
266.55090116703 2.4423613213003E-03
266.03439628996 -5.5381879210472E-03
265.51789141289 4.4741027522832E-04
265.00138653581 5.2827354520559E-03
264.48488165874 4.7074304893613E-03
263.96837678167 6.4363167621195E-03
263.4518719046 5.64856082201E-03
262.93536702752 7.5652748346329E-03
262.41886215045 0.021996753290296
261.90235727338 0.024418560788035
261.38585239631 0.05232360213995
260.86934751924 0.090364500880241
260.35284264216 0.12201362848282
259.83633776509 0.14023330807686
259.31983288802 0.18567842245102
258.80332801095 0.23104937374592
258.28682313387 0.19962900876999
257.7703182568 0.15888226032257
257.25381337973 0.10898251086473
256.73730850266 0.06410326808691
256.22080362558 0.026858564466238
255.70429874851 4.1938088834286E-03
255.18779387144 8.3293216302991E-03
254.67128899437 -3.8344063796103E-04
254.1547841173 0.010350499302149
253.63827924022 6.0404534451663E-03
253.12177436315 4.0628253482282E-03
252.60526948608 8.3517730236053E-03
252.08876460901 -3.6385115236044E-03
251.57225973193 1.9685225561261E-03
251.05575485486 2.8188480064273E-03
250.53924997779 3.3893063664436E-03
250.02274510072 9.1647927183658E-04
249.50624022364 -2.048971131444E-03
248.98973534657 -1.3091953005642E-03
248.4732304695 -2.6088925078511E-03
247.95672559243 6.9237863644958E-03
247.44022071536 3.389171557501E-03
246.92371583828 -6.233446765691E-04
246.40721096121 2.8470323886722E-03
245.89070608414 4.0607787668705E-03
245.37420120707 7.8370068222284E-03
244.85769632999 0.011123346164823
244.34119145292 -7.8906733542681E-03
243.82468657585 4.5355432666838E-03
243.30818169878 1.5177601017058E-04
242.7916768217 1.4122114516795E-03
242.27517194463 -5.1229735836387E-03
241.75866706756 -7.4789272621274E-03
241.24216219049 4.9918773584068E-03
240.72565731342 -2.8781569562852E-04
240.20915243634 2.9920418746769E-03
239.69264755927 -2.997785108164E-03
239.1761426822 -9.6726091578603E-04
238.65963780513 8.0312583595514E-03
238.14313292805 3.140551969409E-03
237.62662805098 3.2067119609565E-03
237.11012317391 -2.1021340508014E-03
236.59361829684 3.3463914878666E-03
236.07711341976 1.7405377002433E-03
235.56060854269 5.7343589141965E-03
235.04410366562 -1.9065618980676E-03
234.52759878855 -2.9860157519579E-03
234.01109391148 -4.1828276589513E-03
233.4945890344 -5.316374823451E-03
232.97808415733 6.8966783583164E-03
232.46157928026 4.4846795499325E-03
231.94507440319 -4.0698172524571E-03
231.42856952611 2.2807670757174E-04
230.91206464904 2.2153141908348E-03
230.39555977197 1.2977068545297E-03
229.8790548949 -1.7607479821891E-03
229.36255001782 9.5041645690799E-03
228.84604514075 8.8955918326974E-03
228.32954026368 5.5244974792004E-03
227.81303538661 6.2816804274917E-03
227.29653050954 -1.0942174121737E-03
226.78002563246 0.010214596986771
226.26352075539 1.4435481280088E-03
225.74701587832 -4.4731586240232E-03
225.23051100125 -3.4120948985219E-03
224.71400612417 2.9282919131219E-03
224.1975012471 -1.4630497898906E-03
223.68099637003 -2.9817209579051E-03
223.16449149296 4.3642432428896E-03
222.64798661589 4.5577762648463E-03
222.13148173881 -5.4513299837708E-03
221.61497686174 -8.7605714797974E-03
221.09847198467 -5.9131914749742E-03
220.5819671076 -1.0575768537819E-03
220.06546223052 -6.3026994466782E-03
219.54895735345 -3.5976066719741E-03
219.03245247638 -3.0971597880125E-03
218.51594759931 5.6161952670664E-04
217.99944272223 -3.2088691368699E-03
217.48293784516 -1.4488939195871E-03
216.96643296809 3.8695530965924E-03
216.44992809102 -2.0967060700059E-03
215.93342321395 -1.0786100756377E-04
215.41691833687 -2.9804389923811E-03
214.9004134598 -4.7575873322785E-03
214.38390858273 1.1348759289831E-03
213.86740370566 -5.8144675567746E-03
213.35089882858 -3.9734002202749E-03
212.83439395151 -3.9511043578386E-03
212.31788907444 -9.6587333828211E-03
211.80138419737 0.015392960980535
211.28487932029 -3.6961697041988E-03
210.76837444322 7.1529182605445E-03
210.25186956615 3.9763362146914E-03
209.73536468908 -6.7396322265267E-06
209.21885981201 -1.2384381843731E-03
208.70235493493 -1.0307680349797E-04
208.18585005786 -2.6835678145289E-03
207.66934518079 2.2742860019207E-03
207.15284030372 1.7144636949524E-03
206.63633542664 7.9372450709343E-03
206.11983054957 -2.9817274771631E-03
205.6033256725 -1.9125870894641E-03
205.08682079543 5.2672903984785E-03
204.57031591835 2.4833444040269E-03
204.05381104128 -6.3362750224769E-03
203.53730616421 7.3299999348819E-04
203.02080128714 5.7461676187813E-03
202.50429641007 -3.5298354923725E-03
201.98779153299 -2.9184883460402E-03
201.47128665592 -8.9135009329766E-04
200.95478177885 9.6277371048927E-03
200.43827690178 -2.4648930411786E-04
199.9217720247 7.1428148075938E-03
199.40526714763 -6.6540548577905E-03
198.88876227056 2.7903879527003E-03
198.37225739349 -1.6764880856499E-03
197.85575251641 2.9489169828594E-03
197.33924763934 -3.6056425888091E-03
196.82274276227 -4.2285001836717E-03
196.3062378852 -5.0530512817204E-03
195.78973300813 -1.5858920523897E-03
195.27322813105 5.2946610376239E-03
194.75672325398 3.4582584630698E-03
194.24021837691 -2.2680931724608E-03
193.72371349984 7.0846686139703E-03
193.20720862276 3.8376846350729E-03
192.69070374569 0.010101136751473
192.17419886862 4.904406145215E-03
191.65769399155 6.4537273719907E-03
191.14118911448 4.7441711649299E-03
190.6246842374 4.7276332043111E-03
190.10817936033 5.2664079703391E-03
189.59167448326 4.1682492010295E-03
189.07516960619 2.7960049919784E-03
188.55866472911 3.9743026718497E-03
188.04215985204 6.3093984499574E-03
187.52565497497 -1.6422785120085E-03
187.0091500979 1.4916430227458E-03
186.49264522082 -6.8344264291227E-03
185.97614034375 -7.1276519447565E-03
185.45963546668 -8.5261734202504E-03
184.94313058961 -3.6021210253239E-03
184.42662571254 2.2927056998014E-03
183.91012083546 4.4757127761841E-03
183.39361595839 -2.191977808252E-03
182.87711108132 -4.295552149415E-03
182.36060620425 4.9734674394131E-03
181.84410132717 -7.6671931892633E-03
181.3275964501 -2.027929527685E-03
180.81109157303 -1.0527232661843E-03
180.29458669596 -1.1970963096246E-03
179.77808181888 2.239404944703E-03
179.26157694181 4.0133656002581E-03
178.74507206474 -2.7833362109959E-03
178.22856718767 -3.726608119905E-03
177.7120623106 6.0115079395473E-04
177.19555743352 1.479965634644E-03
176.67905255645 -2.4914853274822E-03
176.16254767938 -5.2786141168326E-04
175.64604280231 -8.3221532404423E-03
175.12953792523 3.1602650415152E-04
174.61303304816 -2.2525871172547E-03
174.09652817109 -3.359081922099E-03
173.58002329402 -2.3484011180699E-03
173.06351841694 -6.3983397558331E-04
172.54701353987 -9.1572792734951E-04
172.0305086628 -4.9672476015985E-03
171.51400378573 -1.756772515364E-03
170.99749890866 -2.2991909645498E-04
170.48099403158 -4.1300295852125E-03
169.96448915451 4.7055310569704E-03
169.44798427744 2.8937016613781E-03
168.93147940037 5.0040762871504E-03
168.41497452329 1.6530534485355E-03
167.89846964622 4.2030122131109E-03
167.38196476915 5.2851131185889E-03
166.86545989208 1.9953197333962E-03
166.348955015 3.8112122565508E-03
165.83245013793 -2.8967629186809E-03
165.31594526086 2.0784458611161E-03
164.79944038379 -3.2057743519545E-03
164.28293550672 3.8822605274618E-03
163.76643062964 -1.903481897898E-03
163.24992575257 5.9164129197598E-03
162.7334208755 3.230610396713E-03
162.21691599843 2.837716601789E-03
161.70041112135 1.9566020928323E-03
161.18390624428 4.1293753311038E-03
160.66740136721 -2.6668615173548E-03
160.15089649014 -7.9694553278387E-05
159.63439161307 -7.9102916643023E-03
159.11788673599 -4.8544153105468E-04
158.60138185892 -7.95042142272E-04
158.08487698185 3.3644656650722E-03
157.56837210478 -2.5878516025841E-03
157.0518672277 2.4060485884547E-04
156.53536235063 8.7750959210098E-05
156.01885747356 -1.2904348550364E-03
155.50235259649 -1.2615616433322E-03
154.98584771941 -2.9661315493286E-03
154.46934284234 7.2747794911265E-03
153.95283796527 -2.1870527416468E-03
153.4363330882 2.3664869368076E-03
152.91982821113 -1.8078773282468E-03
152.40332333405 0.01154934708029
151.88681845698 6.3428450375795E-03
151.37031357991 -4.6155992895365E-03
150.85380870284 2.9755739960819E-03
150.33730382576 2.5267526507378E-03
149.82079894869 1.5048407949507E-03
149.30429407162 -0.012431683018804
148.78778919455 -9.9653005599976E-04
148.27128431747 -7.545692846179E-03
147.7547794404 1.3975577894598E-03
147.23827456333 3.4873750992119E-03
146.72176968626 -2.8445434290916E-03
146.20526480919 4.0098601020873E-03
145.68875993211 -7.2366488166153E-04
145.17225505504 5.3290952928364E-04
144.65575017797 8.3488812670112E-03
144.1392453009 -1.1919590178877E-03
143.62274042382 3.1348955817521E-03
143.10623554675 -4.4812513515353E-03
142.58973066968 5.4403059184551E-03
142.07322579261 3.0569429509342E-03
141.55672091553 5.44259743765E-03
141.04021603846 -3.7122638896108E-03
140.52371116139 -1.0460290359333E-03
140.00720628432 -6.9270296953619E-03
139.49070140725 9.3801249749959E-04
138.97419653017 5.6426511146128E-03
138.4576916531 5.0423271022737E-04
137.94118677603 -3.5484740510583E-04
137.42468189896 7.8706620261073E-03
136.90817702188 3.571517765522E-03
136.39167214481 -5.71518111974E-03
135.87516726774 -3.2242848537862E-03
135.35866239067 -6.2456759624183E-03
134.84215751359 -1.8701836233959E-03
134.32565263652 -7.1068652905524E-03
133.80914775945 -8.8051531929523E-04
133.29264288238 3.2899901270866E-03
132.77613800531 -4.6562578063458E-04
132.25963312823 8.3364928141236E-03
131.74312825116 8.0273114144802E-04
131.22662337409 -3.3059644047171E-03
130.71011849702 5.6679542176425E-03
130.19361361994 -0.010670982301235
129.67710874287 -2.5833540130407E-03
129.1606038658 -1.7041489481926E-03
128.64409898873 -3.169639967382E-06
128.12759411165 1.5228437259793E-03
127.61108923458 1.508682849817E-03
127.09458435751 2.1427308674902E-03
126.57807948044 8.6310002952814E-03
126.06157460337 7.5278230942786E-03
125.54506972629 6.7382957786322E-03
125.02856484922 9.9929673597217E-03
124.51205997215 4.8623383045197E-03
123.99555509508 5.0238408148289E-03
123.479050218 -5.0270734354854E-03
122.96254534093 1.7908129375428E-03
122.44604046386 -0.013618583790958
121.92953558679 -3.7600456271321E-03
121.41303070972 -3.9732838049531E-03
120.89652583264 -6.615019403398E-03
120.38002095557 -0.01256921235472
119.8635160785 6.2051950953901E-04
119.34701120143 -5.378567148E-03
118.83050632435 -4.8400112427771E-03
118.31400144728 9.6741347806528E-04
117.79749657021 6.4603993669152E-03
117.28099169314 3.8264042232186E-03
116.76448681606 3.4012855030596E-04
116.24798193899 0.010823116637766
115.73147706192 -2.2232213523239E-03
115.21497218485 -0.011531996540725
114.69846730778 -2.3815839085728E-04
114.1819624307 7.886859588325E-03
113.66545755363 -1.2254250468686E-03
113.14895267656 6.0334685258567E-05
112.63244779949 -2.0474158227444E-03
112.11594292241 -4.9494272097945E-03
111.59943804534 2.5467649102211E-03
111.08293316827 1.7098733223975E-05
110.5664282912 -7.8620770946145E-03
110.04992341412 -0.013387659564614
109.53341853705 -4.7527165152133E-03
109.01691365998 -2.0041270181537E-04
108.50040878291 6.5182913094759E-03
107.98390390584 1.4234704431146E-03
107.46739902876 2.8818834107369E-03
106.95089415169 3.9268806576729E-03
106.43438927462 2.5836566928774E-03
105.91788439755 4.847114905715E-04
105.40137952047 -8.039366453886E-03
104.8848746434 5.7281539775431E-03
104.36836976633 -5.170697811991E-03
103.85186488926 1.3918066397309E-03
103.33536001218 3.0213878490031E-03
102.81885513511 3.854428883642E-03
102.30235025804 -1.3058229815215E-03
101.78584538097 -4.1217491962016E-03
101.2693405039 -5.1698079332709E-03
100.75283562682 -0.010805118829012
100.23633074975 -2.8016509022564E-03
99.719825872679 4.072031006217E-03
99.203320995606 -1.6967630945146E-03
98.686816118534 -2.9929971788079E-03
98.170311241462 -9.1753387823701E-04
97.65380636439 7.8734364360571E-03
97.137301487317 -1.4695294667035E-03
96.620796610245 4.4558616355062E-03
96.104291733173 -0.015002131462097
95.5877868561 -9.4171892851591E-04
95.071281979028 3.4580412320793E-03
94.554777101956 2.9108028393239E-03
94.038272224883 4.1850795969367E-03
93.521767347811 -3.6454170476645E-03
93.005262470739 -0.01030504796654
92.488757593667 6.2685394659638E-03
91.972252716594 1.4420719817281E-03
91.455747839522 -3.5305102355778E-03
90.93924296245 -8.3635305054486E-04
90.422738085377 -7.847398519516E-03
89.906233208305 6.7045399919152E-03
89.389728331233 1.6229508910328E-03
88.87322345416 5.3908275440335E-03
88.356718577088 -5.1622902974486E-03
87.840213700016 -5.3626112639904E-03
87.323708822944 -3.9178961887956E-03
86.807203945871 2.790430560708E-03
86.290699068799 4.0302553679794E-04
85.774194191727 -2.9618651606143E-03
85.257689314654 8.2640442997217E-05
84.741184437582 -2.4276901967824E-04
84.22467956051 5.1761078648269E-03
83.708174683438 7.1744904853404E-03
83.191669806365 -1.5195910818875E-03
82.675164929293 -7.3837791569531E-04
82.158660052221 -7.9344380646944E-03
81.642155175148 -1.6310191713274E-03
81.125650298076 -6.2279752455652E-04
80.609145421004 7.0633222348988E-03
80.092640543931 -1.1993611697108E-03
79.576135666859 -3.5574189387262E-03
79.059630789787 4.393870010972E-03
78.543125912715 -5.2979029715061E-04
78.026621035642 8.8570523075759E-04
77.51011615857 -4.8343762755394E-03
76.993611281498 -7.502518594265E-03
76.477106404425 -1.3289721682668E-03
75.960601527353 -2.0982804708183E-03
75.444096650281 -6.776018999517E-03
74.927591773208 -3.781680483371E-03
74.411086896136 -2.9969462193549E-03
73.894582019064 3.1383384484798E-03
73.378077141992 4.7814380377531E-03
72.861572264919 -4.0565612725914E-03
72.345067387847 -5.8105564676225E-03
71.828562510775 -0.011735245585442
71.312057633702 -8.877890650183E-04
70.79555275663 2.9327166266739E-03
70.279047879558 -7.3215356096625E-03
69.762543002486 -2.4723052047193E-04
69.246038125413 3.8063037209213E-03
68.729533248341 7.7992584556341E-04
68.213028371269 -4.3777031823993E-03
67.696523494196 -3.3848185557872E-03
67.180018617124 -7.7121295034885E-03
66.663513740052 4.8185689374804E-03
66.147008862979 4.6682376414537E-03
65.630503985907 -8.7059810757637E-03
65.113999108835 3.394118975848E-03
64.597494231763 7.1278982795775E-03
64.08098935469 0.011140803806484
63.564484477618 -9.1631012037396E-03
63.047979600546 -0.011360210366547
62.531474723473 -2.3320319596678E-03
62.014969846401 -7.7933501452208E-03
61.498464969329 -6.2712114304304E-03
60.981960092256 -3.9180153980851E-03
60.465455215184 3.0224921647459E-04
59.948950338112 -4.7738589346409E-03
59.43244546104 1.1577294208109E-03
58.915940583967 -2.2900216281414E-03
58.399435706895 -5.7697771117091E-03
57.882930829823 -0.010082801803946
57.36642595275 0.012354410253465
56.849921075678 3.706980496645E-03
56.333416198606 0.011243648827076
55.816911321534 -4.9045193009079E-04
55.300406444461 -5.3648762404919E-03
54.783901567389 -3.8247287739068E-03
54.267396690317 -1.3607270084321E-03
53.750891813244 -1.2915334664285E-03
53.234386936172 0.011856545694172
52.7178820591 1.4028142904863E-03
52.201377182027 5.43546769768E-03
51.684872304955 -3.0455575324595E-03
51.168367427883 -2.7932235971093E-03
50.651862550811 2.0946909207851E-03
50.135357673738 -0.012304868549109
49.618852796666 7.4629746377468E-03
49.102347919594 -0.010000182315707
48.585843042521 -1.6934401355684E-03
48.069338165449 5.9642945416272E-04
47.552833288377 -5.7720625773072E-03
47.036328411305 6.0614086687565E-03
46.519823534232 2.7688462287188E-03
46.00331865716 5.8836732059717E-03
45.486813780088 -5.9886258095503E-03
44.970308903015 -1.6100225038826E-03
44.453804025943 1.2589114485309E-03
43.937299148871 -7.1628456935287E-03
43.420794271798 -3.6270823329687E-04
42.904289394726 -1.7382309306413E-03
42.387784517654 1.1405990226194E-03
41.871279640582 7.7787972986698E-04
41.354774763509 8.3974422886968E-04
40.838269886437 -0.011565087363124
40.321765009365 6.2357224524021E-03
39.805260132292 3.2747734803706E-04
39.28875525522 -7.0545580238104E-03
38.772250378148 -0.011100865900517
38.255745501075 -3.9282096549869E-03
37.739240624003 -1.475628465414E-03
37.222735746931 2.0187210757285E-03
36.706230869859 -9.4093903899193E-03
36.189725992786 -2.7075549587607E-03
35.673221115714 -4.6838773414493E-03
35.156716238642 -0.010080579668283
34.640211361569 -6.5875467844307E-03
34.123706484497 7.6969875954092E-04
33.607201607425 -3.6352365277708E-03
33.090696730353 -2.9855305328965E-03
32.57419185328 6.4747408032417E-04
32.057686976208 -6.2973601743579E-03
31.541182099136 3.7864856421947E-03
31.024677222063 -8.2785459235311E-03
30.508172344991 4.7272415831685E-03
29.991667467919 -7.5102178379893E-04
29.475162590846 -6.5420959144831E-03
28.958657713774 -8.9234439656138E-04
28.442152836702 -6.1444900929928E-03
27.92564795963 -4.749792162329E-03
27.409143082557 -3.796299919486E-03
26.892638205485 2.3715193383396E-03
26.376133328413 -3.5304557532072E-03
25.85962845134 -7.8785680234432E-03
25.343123574268 -0.010872730985284
24.826618697196 -2.3950103204697E-03
24.310113820123 3.1551322899759E-04
23.793608943051 -2.5644667912275E-03
23.277104065979 7.90636241436E-03
22.760599188907 -1.2262102682143E-03
22.244094311834 2.0565160084516E-03
21.727589434762 -7.9996921122074E-03
21.21108455769 -3.7983525544405E-03
20.694579680617 4.1516120545566E-03
20.178074803545 -6.0771512798965E-03
19.661569926473 -0.011009758338332
19.145065049401 -3.8346289657056E-03
18.628560172328 -3.1249509193003E-03
18.112055295256 -9.2529924586415E-04
17.595550418184 4.6738691162318E-04
17.079045541111 -4.3943077325821E-03
16.562540664039 -5.0101522356272E-04
16.046035786967 8.1511132884771E-04
15.529530909894 -7.7841430902481E-03
15.013026032822 -5.2916444838047E-03
14.49652115575 -3.5274906549603E-03
13.980016278678 -5.1849847659469E-03
13.463511401605 -0.012743551284075
12.947006524533 -5.599872674793E-03
12.430501647461 -7.3444098234177E-04
11.913996770388 7.2461226955056E-04
11.397491893316 -4.9080420285463E-03
10.880987016244 5.889467895031E-03
10.364482139171 -2.1590201649815E-03
9.8479772620992 2.232207916677E-03
9.3314723850269 7.6253595761955E-04
8.8149675079546 -4.2860652320087E-04
8.2984626308823 1.5386380255222E-05
7.78195775381 -6.0174176469445E-03
7.2654528767377 4.330602940172E-03
6.7489479996654 1.3294480741024E-03
6.2324431225931 -3.4600109793246E-03
5.7159382455208 4.2917388491333E-03
5.1994333684485 2.2238050587475E-04
4.6829284913762 4.5596854761243E-03
4.1664236143039 -0.012920495122671
3.6499187372316 -9.6636172384024E-03
3.1334138601593 -1.1035588104278E-03
2.616908983087 5.3478786721826E-03
2.1004041060148 -1.377422362566E-03
1.5838992289425 1.6266829334199E-04
1.0673943518701 -3.7220744416118E-03
0.55088947479786 -0.011709967628121
0.034384597725563 1.3852920383215E-03
-0.48212027934673 -8.8487667962909E-03
-0.99862515641902 0.012232607230544
-1.5151300334913 -1.0779877193272E-03
-2.0316349105636 -7.8754127025604E-03
-2.5481397876359 2.8978358022869E-04
-3.0646446647082 1.9035774748772E-03
-3.5811495417805 9.1448146849871E-03
-4.0976544188528 -5.7548242621124E-03
-4.6141592959251 -8.6958510801196E-03
-5.1306641729974 6.4311549067497E-05
-5.6471690500697 -3.2102281693369E-03
-6.163673927142 1.9692466594279E-03
-6.6801788042143 1.0740654543042E-03
-7.1966836812866 2.1031296346337E-03
-7.7131885583589 -0.012656535021961
-8.2296934354312 -1.4667215291411E-03
-8.7461983125035 -4.8333234153688E-03
-9.2627031895758 -5.0117424689233E-03
-9.7792080666481 3.6062377039343E-03
-10.29571294372 -6.1972159892321E-04
-10.812217820793 -6.614503916353E-03
-11.328722697865 -7.1031823754311E-03
-11.845227574937 2.7238440234214E-03
-12.36173245201 -0.012739107012749
-12.878237329082 3.1506733503193E-03
-13.394742206154 1.2766516301781E-03
-13.911247083226 -2.352659823373E-03
-14.427751960299 -4.5968433842063E-03
-14.944256837371 -1.9158043432981E-03
-15.460761714443 -3.9258627220988E-03
-15.977266591516 -1.6744406893849E-03
-16.493771468588 -1.9886330701411E-03
-17.01027634566 -3.7987944670022E-03
-17.526781222732 -1.2631993740797E-03
-18.043286099805 1.094423700124E-03
-18.559790976877 -1.7240755259991E-03
-19.076295853949 -5.4592108353972E-03
-19.592800731022 5.3338035941124E-03
-20.109305608094 -1.4386668335646E-03
-20.625810485166 6.1978481244296E-04
-21.142315362239 -5.497457459569E-03
-21.658820239311 3.5351733677089E-03
-22.175325116383 5.9033194556832E-03
-22.691829993455 4.1862605139613E-03
-23.208334870528 -2.13049701415E-03
-23.7248397476 7.6949235517532E-04
-24.241344624672 -4.7707208432257E-04
-24.757849501745 -8.7974574416876E-03
-25.274354378817 -4.4421879574656E-03
-25.790859255889 3.9198831655085E-03
-26.307364132962 -6.2340148724616E-04
-26.823869010034 -2.3619006387889E-03
-27.340373887106 -1.7907586880028E-04
-27.856878764178 -2.1590637043118E-03
-28.373383641251 -5.2028689533472E-03
-28.889888518323 -0.012065831571817
-29.406393395395 -5.3034164011478E-03
-29.922898272468 8.8857226073742E-03
-30.43940314954 -0.011532878503203
-30.955908026612 -6.4282566308975E-03
-31.472412903684 5.7475874200463E-04
-31.988917780757 -5.1053315401077E-03
-32.505422657829 -2.2712042555213E-03
-33.021927534901 -3.6763255484402E-03
-33.538432411974 -3.8944170810282E-03
-34.054937289046 -2.7325456030667E-03
-34.571442166118 8.6587271653116E-04
-35.087947043191 -4.2534908279777E-03
-35.604451920263 -1.1809992138296E-03
-36.120956797335 -1.2355495709926E-03
-36.637461674407 -2.9402954969555E-03
-37.15396655148 1.4024202246219E-03
-37.670471428552 -8.399442769587E-03
-38.186976305624 -6.8404721096158E-03
-38.703481182697 -2.7248503174633E-03
-39.219986059769 -2.144951839E-03
-39.736490936841 1.3203825801611E-06
-40.252995813914 3.7204513791949E-03
-40.769500690986 -1.4148915652186E-03
-41.286005568058 -1.0135159827769E-03
-41.80251044513 5.8462806046009E-03
-42.319015322203 2.484712516889E-03
-42.835520199275 2.1818643435836E-03
-43.352025076347 3.8372087292373E-03
-43.86852995342 9.3106972053647E-04
-44.385034830492 -6.6240709275007E-03
-44.901539707564 -4.25049290061E-03
-45.418044584636 -4.7547072172165E-03
-45.934549461709 -3.259472316131E-03
-46.451054338781 -5.1658349111676E-03
-46.967559215853 -0.012282370589674
-47.484064092926 -2.3587662726641E-03
-48.000568969998 -9.6006719395518E-03
-48.51707384707 1.2978356098756E-03
-49.033578724143 -3.6141965538263E-03
-49.550083601215 1.9494416192174E-03
-50.066588478287 -5.580554716289E-04
-50.583093355359 -8.940995670855E-03
-51.099598232432 3.2007209956646E-03
-51.616103109504 4.2390311136842E-05
-52.132607986576 1.7310697585344E-03
-52.649112863649 3.090416546911E-03
-53.165617740721 9.0591923799366E-04
-53.682122617793 -1.914145424962E-03
-54.198627494866 7.1080354973674E-04
-54.715132371938 -0.010534876026213
-55.23163724901 -2.0363088697195E-03
-55.748142126082 6.776915397495E-03
-56.264647003155 -2.4280776269734E-03
-56.781151880227 -1.3986304402351E-03
-57.297656757299 3.3622439950705E-03
-57.814161634372 3.6208229139447E-03
-58.330666511444 -7.3476717807353E-03
-58.847171388516 -1.516975229606E-03
-59.363676265588 -1.7121806740761E-04
-59.880181142661 -3.0124119948596E-03
-60.396686019733 2.2539659403265E-04
-60.913190896805 -4.1754194535315E-04
-61.429695773878 -2.7267271652818E-03
-61.94620065095 -4.3998388573527E-03
-62.462705528022 -6.7968498915434E-03
-62.979210405095 -4.3400428257883E-03
-63.495715282167 -5.106870085001E-04
-64.012220159239 -9.3465112149715E-04
-64.528725036311 2.4337219074368E-03
-65.045229913384 -2.2091176360846E-03
-65.561734790456 -4.9573238939047E-03
-66.078239667528 -8.7133678607643E-04
-66.594744544601 2.3605558089912E-04
-67.111249421673 -4.5463973656297E-03
-67.627754298745 -4.2696464806795E-03
-68.144259175818 -7.0711458101869E-04
-68.66076405289 -7.7060861513019E-03
-69.177268929962 -4.9889334477484E-03
-69.693773807034 -2.4991664104164E-03
-70.210278684107 7.7323215082288E-03
-70.726783561179 8.3771897479892E-03
-71.243288438251 -6.9761099293828E-03
-71.759793315324 1.1268884409219E-03
-72.276298192396 -3.4159831702709E-03
-72.792803069468 -1.9303588196635E-03
-73.30930794654 -6.9671319797635E-03
-73.825812823613 -4.8398170620203E-03
-74.342317700685 -5.649833008647E-03
-74.858822577757 -3.6318693310022E-04
-75.37532745483 2.5253759231418E-03
-75.891832331902 3.2045529223979E-04
-76.408337208974 1.7428656574339E-03
-76.924842086047 -8.6338445544243E-03
-77.441346963119 -5.9312381781638E-03
-77.957851840191 -3.270108718425E-04
-78.474356717263 1.87931524124E-03
-78.990861594336 3.4180632792413E-04
-79.507366471408 -3.4101195633411E-03
-80.02387134848 9.7179785370827E-03
-80.540376225553 2.0578922703862E-03
-81.056881102625 1.6066962853074E-03
-81.573385979697 -0.010019360110164
-82.08989085677 -1.7911810427904E-03
-82.606395733842 -7.9898629337549E-04
-83.122900610914 2.238831948489E-04
-83.639405487986 1.5821843408048E-03
-84.155910365059 -6.0878819786012E-03
-84.672415242131 -4.4167311862111E-03
-85.188920119203 -3.1838314607739E-03
-85.705424996276 -5.8076460845768E-04
-86.221929873348 5.7970802299678E-03
-86.73843475042 -2.5464282371104E-03
-87.254939627492 -5.5694091133773E-04
-87.771444504565 -3.1281858682632E-03
-88.287949381637 2.0612578373402E-03
-88.804454258709 -3.6741204094142E-03
-89.320959135782 -6.6690123640001E-03
-89.837464012854 -7.1521457284689E-03
-90.353968889926 -1.0053426958621E-03
-90.870473766999 5.4917214438319E-03
-91.386978644071 1.5150576364249E-03
-91.903483521143 -8.5201114416122E-04
-92.419988398215 1.9858574960381E-03
-92.936493275288 6.508082151413E-03
-93.45299815236 -3.3676265738904E-03
-93.969503029432 -2.3243185132742E-03
-94.486007906505 1.9022262422368E-03
-95.002512783577 1.0570631129667E-03
-95.519017660649 -2.9885149560869E-03
-96.035522537721 -5.0587593577802E-03
-96.552027414794 6.3138334080577E-03
-97.068532291866 5.2889911457896E-03
-97.585037168938 -6.966695189476E-03
-98.101542046011 -2.3514439817518E-03
-98.618046923083 -4.4143926352262E-03
-99.134551800155 -3.041855758056E-03
-99.651056677228 -5.4006748832762E-03
-100.1675615543 9.2812348157167E-03
-100.68406643137 -8.3650625310838E-04
-101.20057130844 1.2156219454482E-03
-101.71707618552 -3.9548459462821E-03
-102.23358106259 2.49581807293E-03
-102.75008593966 4.1439924389124E-03
-103.26659081673 -7.0449206978083E-03
-103.78309569381 -0.010698546655476
-104.29960057088 -3.0811247415841E-03
-104.81610544795 1.6955428291112E-03
-105.33261032502 1.1717218440026E-03
-105.8491152021 -9.876664262265E-04
-106.36562007917 -4.6834708191454E-03
-106.88212495624 -4.3608210980892E-03
-107.39862983331 -2.4551362730563E-03
-107.91513471038 0.012995016761124
-108.43163958746 5.1553605590016E-04
-108.94814446453 -7.7033489942551E-03
-109.4646493416 -8.3775967359543E-03
-109.98115421867 8.2944426685572E-04
-110.49765909575 -6.6081448458135E-03
-111.01416397282 -1.1552590876818E-04
-111.53066884989 -8.6111277341843E-03
-112.04717372696 4.9250028096139E-03
-112.56367860403 -3.2265949994326E-04
-113.08018348111 7.7584572136402E-03
-113.59668835818 -8.7191024795175E-03
-114.11319323525 4.8695551231503E-03
-114.62969811232 -6.236819550395E-03
-115.1462029894 5.7742348872125E-04
-115.66270786647 2.5652085896581E-03
-116.17921274354 1.3593188486993E-04
-116.69571762061 -4.9112839624286E-03
-117.21222249769 3.7379674613476E-03
-117.72872737476 -1.1474555358291E-03
-118.24523225183 3.922208212316E-03
-118.7617371289 -4.509499296546E-03
-119.27824200597 3.8842977955937E-03
-119.79474688305 5.1411143504083E-03
-120.31125176012 7.470118580386E-04
-120.82775663719 -1.3073969166726E-03
-121.34426151426 -3.1597213819623E-04
-121.86076639134 -4.9742944538593E-03
-122.37727126841 4.632989410311E-03
-122.89377614548 0.012113936245441
-123.41028102255 9.8766677547246E-04
-123.92678589963 5.9718964621425E-03
-124.4432907767 -2.2417907603085E-03
-124.95979565377 -1.270042732358E-03
-125.47630053084 -6.3949776813388E-03
-125.99280540791 -7.0301392115653E-03
-126.50931028499 1.9007611554116E-03
-127.02581516206 9.3963304534554E-03
-127.54232003913 -7.8117670491338E-03
-128.0588249162 -4.6740891411901E-03
-128.57532979328 7.6857060194016E-03
-129.09183467035 -7.0476923137903E-03
-129.60833954742 -3.7785666063428E-04
-130.12484442449 3.0455430969596E-03
-130.64134930157 -2.4589565582573E-03
-131.15785417864 -1.6670105978847E-03
-131.67435905571 1.4615254476666E-03
-132.19086393278 6.3264695927501E-04
-132.70736880985 -2.9373141005635E-03
-133.22387368693 3.6327806301415E-03
-133.740378564 6.8866915535182E-04
-134.25688344107 -4.5359074138105E-03
-134.77338831814 -4.5139826834202E-03
-135.28989319522 -2.1750552114099E-03
-135.80639807229 -5.3373537957668E-04
-136.32290294936 3.0234302394092E-03
-136.83940782643 1.1454715859145E-03
-137.35591270351 -3.2951314933598E-03
-137.87241758058 -3.7903035990894E-04
-138.38892245765 -1.2819259427488E-04
-138.90542733472 6.8598366342485E-03
-139.42193221179 -2.6836772449315E-03
-139.93843708887 -2.7959565632045E-03
-140.45494196594 7.7178573701531E-04
-140.97144684301 2.5265347212553E-03
-141.48795172008 3.0895646195859E-03
-142.00445659716 3.4704690333456E-03
-142.52096147423 2.0593767985702E-03
-143.0374663513 -1.173541881144E-03
-143.55397122837 4.4674691744149E-03
-144.07047610545 -8.9767463505268E-03
-144.58698098252 -6.8700546398759E-03
-145.10348585959 7.0198508910835E-03
-145.61999073666 -4.5663979835808E-03
-146.13649561373 -0.013032114133239
-146.65300049081 -3.5716174170375E-04
-147.16950536788 -8.167193736881E-04
-147.68601024495 -9.505245834589E-03
-148.20251512202 0.011160109192133
-148.7190199991 -1.1137216351926E-03
-149.23552487617 -0.010575270280242
-149.75202975324 -3.2615743111819E-03
-150.26853463031 -3.1919649336487E-03
-150.78503950738 5.2944123744965E-03
-151.30154438446 3.5144411958754E-04
-151.81804926153 -5.1953755319118E-03
-152.3345541386 -2.6779482141137E-04
-152.85105901567 -1.3069796841592E-03
-153.36756389275 -2.7272240258753E-03
-153.88406876982 -4.887783434242E-03
-154.40057364689 -2.5248755700886E-03
-154.91707852396 4.5259948819876E-05
-155.43358340104 4.2899856343865E-03
-155.95008827811 2.3668936919421E-03
-156.46659315518 8.3881744649261E-04
-156.98309803225 -8.4748938679695E-03
-157.49960290932 -3.094538114965E-04
-158.0161077864 -1.2993654236197E-03
-158.53261266347 3.237166441977E-03
-159.04911754054 -2.3513187188655E-03
-159.56562241761 1.4294027350843E-03
-160.08212729469 4.4413506984711E-03
-160.59863217176 -1.531180460006E-03
-161.11513704883 4.1673434898257E-03
-161.6316419259 -8.5348100401461E-04
-162.14814680298 -5.6527769193053E-03
-162.66465168005 5.5917985737324E-03
-163.18115655712 1.8571701366454E-03
-163.69766143419 0.010127857327461
-164.21416631126 -6.803197786212E-03
-164.73067118834 5.9699788689613E-03
-165.24717606541 8.1195738166571E-03
-165.76368094248 -4.0361667051911E-03
-166.28018581955 6.0777855105698E-04
-166.79669069663 -0.013874653726816
-167.3131955737 -7.8383702784777E-03
-167.82970045077 -5.7279262691736E-03
-168.34620532784 -1.2599697802216E-03
-168.86271020492 3.052422311157E-03
-169.37921508199 3.2374262809753E-03
-169.89571995906 7.4807484634221E-04
-170.41222483613 -2.0839013159275E-03
-170.9287297132 6.2044630758464E-03
-171.44523459028 2.0300331525505E-03
-171.96173946735 4.4985711574554E-03
-172.47824434442 0.010537127032876
-172.99474922149 2.3530954495072E-03
-173.51125409857 -8.3533823490143E-03
-174.02775897564 -4.2504426091909E-03
-174.54426385271 5.1212357357144E-04
-175.06076872978 -8.2767615094781E-03
-175.57727360686 -3.1713568605483E-03
-176.09377848393 3.2226007897407E-03
-176.610283361 1.7573449295014E-03
-177.12678823807 -1.0372418910265E-04
-177.64329311514 8.0697704106569E-03
-178.15979799222 -1.280558295548E-03
-178.67630286929 -5.8933608233929E-03
-179.19280774636 -6.6096051596105E-03
-179.70931262343 -1.3048688415438E-03
-180.22581750051 -3.0784246046096E-03
-180.74232237758 5.4924488067627E-03
-181.25882725465 -2.7000324334949E-03
-181.77533213172 -1.644552918151E-03
-182.29183700879 -5.4922187700868E-05
-182.80834188587 -3.411058569327E-03
-183.32484676294 -1.6001514159143E-03
-183.84135164001 5.3790155798197E-03
-184.35785651708 -4.6791532076895E-04
-184.87436139416 2.8029154054821E-04
-185.39086627123 -0.01029053516686
-185.9073711483 -4.1975011117756E-03
-186.42387602537 -8.4104770794511E-03
-186.94038090245 5.5861249566078E-03
-187.45688577952 1.7598394770175E-03
-187.97339065659 7.6093189418316E-03
-188.48989553366 1.723290188238E-03
-189.00640041073 4.0029007941484E-03
-189.52290528781 4.5867701992393E-03
-190.03941016488 -6.1687370762229E-03
-190.55591504195 -2.3153312504292E-03
-191.07241991902 1.9502927316353E-03
-191.5889247961 -1.6562645323575E-03
-192.10542967317 -3.4000463783741E-03
-192.62193455024 3.6450722254813E-03
-193.13843942731 -7.8948750160635E-04
-193.65494430439 7.2418106719851E-03
-194.17144918146 1.8649792764336E-03
-194.68795405853 5.8837318792939E-03
-195.2044589356 2.731686225161E-03
-195.72096381267 5.8671133592725E-03
-196.23746868975 -1.2987365480512E-03
-196.75397356682 -2.9909121803939E-04
-197.27047844389 2.4282939266413E-03
-197.78698332096 5.4155853576958E-03
-198.30348819804 8.8054947555065E-03
-198.81999307511 -5.0136926583946E-03
-199.33649795218 -1.8415059894323E-03
-199.85300282925 7.505037356168E-04
-200.36950770633 -2.7434607036412E-03
-200.8860125834 -4.1164993308485E-04
-201.40251746047 -6.6900881938636E-03
-201.91902233754 -3.4310352057219E-03
-202.43552721461 -4.3376907706261E-03
-202.95203209169 -3.1492568086833E-03
-203.46853696876 -6.901117041707E-03
-203.98504184583 1.0883139912039E-03
-204.5015467229 -3.8771892432123E-03
-205.01805159998 4.9749091267586E-03
-205.53455647705 -6.2164850533009E-03
-206.05106135412 -1.1852565221488E-03
-206.56756623119 -1.689394004643E-03
-207.08407110827 4.0146484971046E-03
-207.60057598534 -1.898551825434E-03
-208.11708086241 2.2949329577386E-03
-208.63358573948 -1.7398889176548E-03
-209.15009061655 -7.7045601792634E-03
-209.66659549363 -2.3063272237778E-05
-210.1831003707 4.0010549128056E-03
-210.69960524777 -3.7436790298671E-03
-211.21611012484 -2.272886922583E-03
-211.73261500192 3.3237063325942E-04
-212.24911987899 -2.3489855229855E-03
-212.76562475606 -3.5439350176603E-03
-213.28212963313 1.9959714263678E-03
-213.7986345102 2.2168699651957E-03
-214.31513938728 -4.4611007906497E-03
-214.83164426435 -1.3246173039079E-03
-215.34814914142 -2.5854329578578E-04
-215.86465401849 1.4191138325259E-03
-216.38115889557 -7.1810614317656E-03
-216.89766377264 2.4217488244176E-03
-217.41416864971 -7.6544750481844E-03
-217.93067352678 4.2738649062812E-04
-218.44717840386 -0.01082796882838
-218.96368328093 -1.5749642625451E-04
-219.480188158 6.6695818677545E-03
-219.99669303507 -8.5779596120119E-03
-220.51319791214 -3.2338337041438E-04
-221.02970278922 -3.8172705098987E-03
-221.54620766629 -2.6810383424163E-03
-222.06271254336 3.3970698714256E-03
-222.57921742043 5.3306804038584E-03
-223.09572229751 2.7141929604113E-04
-223.61222717458 4.1892770677805E-03
-224.12873205165 -9.0686203911901E-03
-224.64523692872 3.2065969426185E-03
-225.1617418058 3.4182691015303E-03
-225.67824668287 2.1711203735322E-03
-226.19475155994 -0.01165731344372
-226.71125643701 -4.8106079921126E-03
-227.22776131408 -3.8571066688746E-03
-227.74426619116 2.7074883691967E-03
-228.26077106823 -6.9846762344241E-03
-228.7772759453 -9.9075930193067E-03
-229.29378082237 -6.08995789662E-04
-229.81028569945 8.1476988270879E-04
-230.32679057652 2.5880127213895E-04
-230.84329545359 1.1725472286344E-03
-231.35980033066 -7.1091041900218E-03
-231.87630520774 -4.696540068835E-03
-232.39281008481 6.1342474073172E-03
-232.90931496188 0.011280040256679
-233.42581983895 3.5683673340827E-03
-233.94232471602 3.232435323298E-03
-234.4588295931 -1.9418469164521E-03
-234.97533447017 -6.8506011739373E-03
-235.49183934724 -1.4070705510676E-03
-236.00834422431 1.826639752835E-03
-236.52484910139 9.2244858387858E-04
-237.04135397846 -6.2414179556072E-03
-237.55785885553 7.1033765561879E-04
-238.0743637326 4.9688657745719E-03
-238.59086860968 -0.010142117738724
-239.10737348675 -2.5162482634187E-03
-239.62387836382 6.3858330249786E-03
-240.14038324089 9.627909399569E-03
-240.65688811796 4.6304105781019E-03
-241.17339299504 6.2244758009911E-04
-241.68989787211 4.2738951742649E-04
-242.20640274918 -1.8979811575264E-03
-242.72290762625 -1.6975055914372E-03
-243.23941250333 3.6654113791883E-03
-243.7559173804 3.7717125378549E-03
-244.27242225747 7.4564716778696E-03
-244.78892713454 -3.0565913766623E-03
-245.30543201162 -6.9875568151474E-03
-245.82193688869 3.2667443156242E-04
-246.33844176576 -1.1208984069526E-03
-246.85494664283 3.0774041078985E-03
-247.3714515199 2.0711747929454E-03
-247.88795639698 -7.5306044891477E-05
-248.40446127405 3.6216527223587E-03
-248.92096615112 -5.0810095854104E-04
-249.43747102819 -3.7927606608719E-03
-249.95397590527 5.0901127979159E-03
-250.47048078234 -4.9966285005212E-03
-250.98698565941 -2.0437922794372E-03
-251.50349053648 -4.4120633974671E-03
-252.01999541355 2.4765566922724E-03
-252.53650029063 -1.0261731222272E-03
-253.0530051677 0.012249778024852
-253.56951004477 2.9511493630707E-03
-254.08601492184 1.0208213934675E-03
-254.60251979892 -3.273889888078E-04
-255.11902467599 -2.7336180210114E-03
-255.63552955306 2.1293931640685E-03
-256.15203443013 0.01182836573571
-256.66853930721 3.8082753308117E-03
-257.18504418428 2.9630325734615E-03
-257.70154906135 -1.2238486669958E-04
-258.21805393842 2.4670441634953E-03
-258.73455881549 5.9580500237644E-04
-259.25106369257 -7.7333417721093E-03
-259.76756856964 3.724760375917E-03
-260.28407344671 9.8476354032755E-03
-260.80057832378 4.5787310227752E-03
-261.31708320086 1.1043436825275E-03
-261.83358807793 9.3601942062378E-03
-262.350092955 6.794604472816E-03
-262.86659783207 -6.7551317624748E-04
-263.38310270915 2.1394644863904E-03
-263.89960758622 -8.6156534962356E-04
-264.41611246329 -4.9655511975288E-03
-264.93261734036 -7.0032272487879E-03
-265.44912221743 -7.5990986078978E-03
-265.96562709451 2.5832932442427E-04
-266.48213197158 7.4309883639216E-03
-266.99863684865 0.014847876504064
-267.51514172572 -5.2232583984733E-03
-268.0316466028 -1.4077159576118E-03
-268.54815147987 -3.451032564044E-03
-269.06465635694 -4.8837908543646E-03
-269.58116123401 -6.0577495023608E-03
-270.09766611109 -1.2157128658146E-03
-270.61417098816 -5.1858630031347E-03
-271.13067586523 -3.6432174965739E-05
-271.6471807423 -2.2996214684099E-03
-272.16368561937 5.2049988880754E-04
-272.68019049645 -1.7453480977565E-03
-273.19669537352 -4.6768710017204E-03
-273.71320025059 -4.8826467245817E-03
-274.22970512766 -5.4423660039902E-03
-274.74621000474 -9.6733700484037E-03
-275.26271488181 -4.1563576087356E-03
-275.77921975888 2.3632580414414E-03
-276.29572463595 -4.7522103413939E-03
-276.81222951303 -7.0378934033215E-03
-277.3287343901 -0.010765472427011
-277.84523926717 -6.6562821157277E-03
-278.36174414424 4.5030964538455E-03
-278.87824902131 -1.9829494412988E-03
-279.39475389839 6.3926978036761E-03
-279.91125877546 -0.010091542266309
-280.42776365253 6.9167092442513E-03
-280.9442685296 -2.9125646688044E-04
-281.46077340668 1.7969763139263E-03
-281.97727828375 -1.9587557762861E-03
-282.49378316082 7.2134090587497E-03
-283.01028803789 9.2560853809118E-03
-283.52679291496 1.4765439555049E-03
-284.04329779204 -3.4815296530724E-03
-284.55980266911 -5.5969436652958E-04
-285.07630754618 -1.0657941456884E-03
-285.59281242325 1.491553732194E-03
-286.10931730033 -2.6141535490751E-03
-286.6258221774 5.5292686447501E-03
-287.14232705447 2.2316731046885E-03
-287.65883193154 7.0863859727979E-03
-288.17533680862 2.7758970391005E-03
-288.69184168569 -2.2963895462453E-03
-289.20834656276 1.1766748502851E-03
-289.72485143983 -1.6353488899767E-04
-290.2413563169 -1.6761643346399E-03
-290.75786119398 1.6243798891082E-03
-291.27436607105 2.3679190780967E-03
-291.79087094812 -5.2781472913921E-04
-292.30737582519 1.7753744032234E-03
-292.82388070227 0.016966201364994
-293.34038557934 -2.4286466650665E-03
-293.85689045641 1.4550966443494E-03
-294.37339533348 4.9197650514543E-04
-294.88990021056 7.9776160418987E-03
-295.40640508763 3.8806123193353E-03
-295.9229099647 -1.3756891712546E-04
-296.43941484177 -1.0552543681115E-03
-296.95591971884 2.9718936420977E-03
-297.47242459592 0.011664357967675
-297.98892947299 1.3956826878712E-03
-298.50543435006 -3.6399094387889E-03
-299.02193922713 4.5466721057892E-03
-299.53844410421 4.5270696282387E-03
-300.05494898128 -2.1595321595669E-04
-300.57145385835 3.411949146539E-04
-301.08795873542 1.3992595486343E-03
-301.6044636125 3.234384348616E-03
-302.12096848957 6.5578669309616E-03
-302.63747336664 3.7187524139881E-04
-303.15397824371 4.9856165423989E-04
-303.67048312078 3.2808906398714E-03
-304.18698799786 9.1597596183419E-03
-304.70349287493 -6.9536594673991E-04
-305.219997752 -2.3076673969626E-03
-305.73650262907 -1.1834874749184E-03
-306.25300750615 8.4613054059446E-04
-306.76951238322 1.3987480197102E-03
-307.28601726029 9.2127919197083E-03
-307.80252213736 1.240324578248E-03
-308.31902701444 -8.6474046111107E-04
-308.83553189151 2.3897248320282E-04
-309.35203676858 -5.2263401448727E-03
-309.86854164565 -4.5557813718915E-03
-310.38504652272 2.546226605773E-04
-310.9015513998 -2.6035520713776E-03
-311.41805627687 5.5986968800426E-03
-311.93456115394 3.0007087625563E-03
-312.45106603101 2.299367217347E-03
-312.96757090809 4.0167579427361E-03
-313.48407578516 5.1650707609951E-04
-314.00058066223 7.733981590718E-03
-314.5170855393 3.280297620222E-03
-315.03359041637 3.924947232008E-03
-315.55009529345 -1.7717615701258E-03
-316.06660017052 -2.0556137897074E-03
-316.58310504759 -2.6965306606144E-03
-317.09960992466 2.408554777503E-03
-317.61611480174 5.1374556496739E-03
-318.13261967881 -2.6576470118016E-03
-318.64912455588 6.4953388646245E-03
-319.16562943295 6.8701137788594E-03
-319.68213431003 8.7997894734144E-03
-320.1986391871 0.010676397010684
-320.71514406417 5.3297490812838E-03
-321.23164894124 7.5946100987494E-03
-321.74815381831 0.011536272242665
-322.26465869539 0.014555828645825
-322.78116357246 2.0993477664888E-03
-323.29766844953 2.60303565301E-03
-323.8141733266 -0.011352220550179
-324.33067820368 1.3834494166076E-04
-324.84718308075 6.5821199677885E-04
-325.36368795782 -2.3179862182587E-03
-325.88019283489 5.5968584492803E-03
-326.39669771197 -3.4306501038373E-03
-326.91320258904 -0.010153132490814
-327.42970746611 2.9801926575601E-04
-327.94621234318 4.8447921872139E-03
-328.46271722025 3.1939202453941E-03
-328.97922209733 -1.3448144309223E-03
-329.4957269744 3.3167446963489E-03
-330.01223185147 4.0752394124866E-03
-330.52873672854 -4.061252810061E-03
-331.04524160562 1.1317101307213E-03
-331.56174648269 -4.2670508846641E-03
-332.07825135976 1.6182329272851E-03
-332.59475623683 -8.4342593327165E-03
-333.11126111391 -2.894229022786E-03
-333.62776599098 8.7668243795633E-03
-334.14427086805 1.4601048314944E-03
-334.66077574512 5.0335060805082E-03
-335.17728062219 -5.6177889928222E-03
-335.69378549927 -2.1244534291327E-03
-336.21029037634 0.011683098971844
-336.72679525341 3.3574162516743E-03
-337.24330013048 -5.2328398451209E-03
-337.75980500756 5.8908648788929E-03
-338.27630988463 1.3276316458359E-03
-338.7928147617 0.011294263415039
-339.30931963877 2.455391921103E-03
-339.82582451585 4.9384357407689E-04
-340.34232939292 -6.1462642624974E-03
-340.85883426999 -2.0100821275264E-03
-341.37533914706 -5.2354084327817E-03
-341.89184402413 9.6384445205331E-03
-342.40834890121 7.6914606615901E-03
-342.92485377828 -3.6607212387025E-03
-343.44135865535 5.1463232375681E-04
-343.95786353242 -2.8131641447544E-03
-344.4743684095 -1.4418759383261E-03
-344.99087328657 7.9859532415867E-03
-345.50737816364 -2.3048687726259E-03
-346.02388304071 -2.5077764876187E-03
-346.54038791779 2.4565174244344E-03
-347.05689279486 2.3891548626125E-03
-347.57339767193 7.5831133872271E-03
-348.089902549 -6.1995694413781E-03
-348.60640742607 -3.4920815378428E-03
-349.12291230315 2.1742156241089E-03
-349.63941718022 -4.7243805602193E-03
-350.15592205729 7.4520725756884E-03
-350.67242693436 7.4820066802204E-03
-351.18893181144 -7.6203676871955E-04
-351.70543668851 1.7129589105025E-03
-352.22194156558 -3.853989765048E-04
-352.73844644265 4.2437808588147E-04
-353.25495131972 3.1679265666753E-03
-353.7714561968 7.1414755657315E-03
-354.28796107387 2.7564340271056E-03
-354.80446595094 4.0269419550896E-03
-355.32097082801 -1.0117480996996E-03
-355.83747570509 -5.4250108078122E-03
-356.35398058216 -2.2465079091489E-03
-356.87048545923 2.470969222486E-03
-357.3869903363 2.6624002493918E-03
-357.90349521338 -9.1408006846905E-04
-358.42000009045 -4.6268478035927E-03
-358.93650496752 7.3411464691162E-03
-359.45300984459 1.1335035087541E-03
-359.96951472166 -8.1596300005913E-03
-360.48601959874 -4.0621170774102E-03
-361.00252447581 8.9545547962189E-03
-361.51902935288 2.58394703269E-03
-362.03553422995 8.4863044321537E-04
-362.55203910703 -1.1554514057934E-03
-363.0685439841 2.2412245161831E-03
-363.58504886117 -3.2217993866652E-03
-364.10155373824 4.685333929956E-03
-364.61805861532 -3.7682831753045E-03
-365.13456349239 8.8941380381584E-03
-365.65106836946 2.4974625557661E-03
-366.16757324653 3.4686725120991E-03
-366.6840781236 -5.1672528497875E-03
-367.20058300068 -1.1872709728777E-04
-367.71708787775 -4.5010168105364E-04
-368.23359275482 2.2320849820971E-03
-368.75009763189 1.9128323765472E-03
-369.26660250897 -5.4017873480916E-03
-369.78310738604 1.8457684200257E-03
-370.29961226311 4.630415700376E-03
-370.81611714018 -2.8228026349097E-03
-371.33262201726 9.4624934718013E-05
-371.84912689433 -1.3723433949053E-04
-372.3656317714 0.011688739061356
-372.88213664847 3.4555671736598E-03
-373.39864152554 -1.4389827847481E-03
-373.91514640262 1.3047485845163E-03
-374.43165127969 1.5027117915452E-03
-374.94815615676 6.3536199741066E-03
-375.46466103383 7.8326566144824E-03
-375.98116591091 6.0199876315892E-04
-376.49767078798 0.013274600729346
-377.01417566505 3.2168789766729E-04
-377.53068054212 4.2880228720605E-03
-378.0471854192 9.1426642611623E-03
-378.56369029627 3.2804987858981E-03
-379.08019517334 2.8210994787514E-03
-379.59670005041 -9.6177193336189E-04
-380.11320492748 2.647846005857E-03
-380.62970980456 3.0335783958435E-04
-381.14621468163 0.012591309845448
-381.6627195587 5.1972158253193E-03
-382.17922443577 6.1295600607991E-03
-382.69572931285 8.2917464897037E-04
-383.21223418992 1.9195404602215E-03
-383.72873906699 1.8171430565417E-03
-384.24524394406 4.316576756537E-03
-384.76174882113 -1.1628470383584E-03
-385.27825369821 2.3549259640276E-04
-385.79475857528 -2.2983446251601E-03
-386.31126345235 -9.3504497781396E-03
-386.82776832942 -5.2351946942508E-04
-387.3442732065 4.4666500762105E-03
-387.86077808357 -4.1614379733801E-04
-388.37728296064 0.010173187591136
-388.89378783771 -7.2680921293795E-03
-389.41029271479 2.1481602452695E-03
-389.92679759186 -1.7390819266438E-03
-390.44330246893 7.0651536807418E-03
-390.959807346 3.1086921226233E-03
-391.47631222307 2.9579843394458E-03
-391.99281710015 4.4905943796039E-03
-392.50932197722 4.5305746607482E-03
-393.02582685429 1.8343899864703E-03
-393.54233173136 0.010058527812362
-394.05883660844 2.1798112429678E-03
-394.57534148551 4.0153572335839E-03
-395.09184636258 0.010897538624704
-395.60835123965 7.3509840294719E-03
-396.12485611673 -4.3533546850085E-03
-396.6413609938 -1.5760799869895E-03
-397.15786587087 -1.746634952724E-04
-397.67437074794 -9.0127671137452E-04
-398.19087562501 0.019113767892122
-398.70738050209 7.7040530741215E-03
-399.22388537916 6.4405119046569E-03
-399.74039025623 8.72484408319E-04
-400.2568951333 1.9259880064055E-03
-400.77340001038 6.0832966119051E-03
-401.28990488745 9.5727555453777E-03
-401.80640976452 5.1694270223379E-03
-402.32291464159 -3.5386306699365E-03
-402.83941951867 2.4330937303603E-03
-403.35592439574 3.4725568257272E-03
-403.87242927281 1.2931698001921E-03
-404.38893414988 6.5386211499572E-03
-404.90543902695 7.2047566063702E-03
-405.42194390403 -6.832480430603E-04
-405.9384487811 -2.8289607726038E-03
-406.45495365817 -3.0576209537685E-03
-406.97145853524 0.010049320757389
-407.48796341232 9.3073304742575E-04
-408.00446828939 -3.1264459248632E-03
-408.52097316646 -4.1719106957316E-04
-409.03747804353 3.8349372334778E-04
-409.55398292061 -2.0436197519302E-04
-410.07048779768 7.9297525808215E-03
-410.58699267475 4.6814205124974E-03
-411.10349755182 4.6287295408547E-03
-411.62000242889 2.9407478868961E-03
-412.13650730597 5.9711430221796E-03
-412.65301218304 3.2179357949644E-03
-413.16951706011 7.7652609907091E-03
-413.68602193718 5.031474865973E-04
-414.20252681426 -8.5879806429148E-03
-414.71903169133 6.6417511552572E-03
-415.2355365684 -2.3594528902322E-03
-415.75204144547 1.7933079507202E-03
-416.26854632254 -9.7980699501932E-04
-416.78505119962 0.010115425102413
-417.30155607669 -3.9743082597852E-03
-417.81806095376 -2.7948180213571E-03
-418.33456583083 4.5772050507367E-03
-418.85107070791 4.5098531991243E-03
-419.36757558498 0.012439700774848
-419.88408046205 -3.1946175731719E-03
-420.40058533912 6.8161869421601E-04
-420.9170902162 4.0199793875217E-03
-421.43359509327 -1.0477886535227E-03
-421.95009997034 -7.3633189313114E-03
-422.46660484741 -1.2136357836425E-03
-422.98310972448 4.3016662821174E-03
-423.49961460156 -2.5849852245301E-03
-424.01611947863 -2.837621839717E-03
-424.5326243557 1.1655300622806E-03
-425.04912923277 4.7404202632606E-03
-425.56563410985 -2.9998533427715E-03
-426.08213898692 2.708354499191E-03
-426.59864386399 5.4056723602116E-03
-427.11514874106 7.5209625065327E-03
-427.63165361814 1.2030069483444E-03
-428.14815849521 8.443889208138E-03
-428.66466337228 -3.2450794242322E-03
-429.18116824935 -5.9805894270539E-03
-429.69767312642 3.9241998456419E-04
-430.2141780035 7.8264093026519E-03
-430.73068288057 -5.433227866888E-03
-431.24718775764 -4.9725463613868E-03
-431.76369263471 -2.1223346702754E-03
-432.28019751179 -8.156138472259E-03
-432.79670238886 2.8129993006587E-03
-433.31320726593 3.5316257271916E-03
-433.829712143 2.0216023549438E-03
-434.34621702008 1.7605585744604E-03
-434.86272189715 3.8488269783556E-03
-435.37922677422 8.2334950566292E-03
-435.89573165129 -9.7766751423478E-04
-436.41223652836 -5.6001949124038E-03
-436.92874140544 -5.494344048202E-03
-437.44524628251 4.8091299831867E-03
-437.96175115958 7.2073144838214E-03
-438.47825603665 8.1093637272716E-03
-438.99476091373 -1.6297562979162E-04
-439.5112657908 -4.7391764819622E-03
-440.02777066787 2.8684716671705E-03
-440.54427554494 -2.8120432980359E-03
-441.06078042202 -3.1824426259845E-03
-441.57728529909 5.2293641492724E-03
-442.09379017616 3.6201619077474E-03
-442.61029505323 -6.592245772481E-03
-443.1267999303 3.8065973203629E-03
-443.64330480738 -8.8667450472713E-04
-444.15980968445 5.4440908133984E-03
-444.67631456152 1.4096528757364E-03
-445.19281943859 -7.800156250596E-03
-445.70932431567 -1.2164765503258E-03
-446.22582919274 -2.937774406746E-03
-446.74233406981 9.1284932568669E-03
-447.25883894688 5.4360502399504E-03
-447.77534382396 -4.4972538016737E-03
-448.29184870103 -0.016125332564116
-448.8083535781 6.2140170484781E-06
-449.32485845517 -6.1595868319273E-03
-449.84136333224 -8.5038412362337E-04
-450.35786820932 -0.01366897020489
-450.87437308639 -0.012553215026855
-451.39087796346 6.1153783462942E-04
-451.90738284053 3.7910544779152E-03
-452.42388771761 -6.5552815794945E-03
-452.94039259468 2.3551930207759E-03
-453.45689747175 -9.0217059478164E-03
-453.97340234882 5.1573216915131E-03
-454.48990722589 1.0038728360087E-03
-455.00641210297 -0.014351047575474
-455.52291698004 -0.024886658415198
-456.03942185711 -0.013208805583417
-456.55592673418 -6.9539118558168E-03
-457.07243161126 -0.010158081538975
-457.58893648833 -0.017520872876048
-458.1054413654 -0.010878428816795
-458.62194624247 -0.014217620715499
-459.13845111955 -5.3076175972819E-03
-459.65495599662 -3.3533433452249E-04
-460.17146087369 -7.5296750292182E-03
-460.68796575076 -0.012871338054538
-461.20447062783 4.2639654129744E-03
-461.72097550491 6.2265209853649E-03
-462.23748038198 -4.1916244663298E-04
-462.75398525905 5.9077413752675E-03
-463.27049013612 0.013040248304605
-463.7869950132 -5.1251798868179E-04
-464.30349989027 3.431802848354E-03
-464.82000476734 5.1201074384153E-03
-465.33650964441 2.2762133739889E-03
-465.85301452149 -2.2437726147473E-04
-466.36951939856 -2.181158401072E-03
-466.88602427563 4.1055134497583E-03
-467.4025291527 -1.5572481788695E-03
-467.91903402977 -3.7472671829164E-04
-468.43553890685 -1.83524354361E-03
-468.95204378392 2.4686271790415E-03
-469.46854866099 -7.9555632546544E-03
-469.98505353806 3.6919841077179E-03
-470.50155841514 0.010503904893994
-471.01806329221 5.275865085423E-03
-471.53456816928 -6.9710873067379E-03
-472.05107304635 -4.4538243673742E-04
-472.56757792343 5.2647665143013E-05
-473.0840828005 -1.3792905956507E-03
-473.60058767757 -4.8708915710449E-03
-474.11709255464 -4.6972711570561E-03
-474.63359743171 -1.7815702594817E-03
-475.15010230879 -3.6107480991632E-03
-475.66660718586 5.905975587666E-03
-476.18311206293 0.010597529821098
-476.69961694 3.1888862140477E-03
-477.21612181708 7.5051328167319E-04
-477.73262669415 6.0359993949533E-03
-478.24913157122 -7.3898788541555E-03
-478.76563644829 -4.0255896747112E-03
-479.28214132537 -6.2831677496433E-04
-479.79864620244 -0.010305032134056
-480.31515107951 3.0314333271235E-03
-480.83165595658 -5.1451693288982E-03
-481.34816083365 -0.013262727297843
-481.86466571073 -9.0992636978626E-04
-482.3811705878 -4.1788243688643E-03
-482.89767546487 -7.8710904344916E-03
-483.41418034194 5.1995837129653E-03
-483.93068521902 -1.7196913249791E-03
-484.44719009609 5.071540363133E-04
-484.96369497316 5.360767710954E-03
-485.48019985023 3.8479177746922E-03
-485.9967047273 -2.7016990352422E-03
-486.51320960438 6.7453691735864E-04
-487.02971448145 6.5168938599527E-03
-487.54621935852 1.4867475256324E-03
-488.06272423559 1.8258128548041E-03
-488.57922911267 1.8376318039373E-03
-489.09573398974 -1.3090670108795E-04
-489.61223886681 -5.5043864995241E-04
-490.12874374388 -2.9053867328912E-03
-490.64524862096 8.0252569168806E-03
-491.16175349803 4.7552078031003E-03
-491.6782583751 4.3883654288948E-03
-492.19476325217 -1.0220264084637E-04
-492.71126812924 4.159836564213E-03
-493.22777300632 4.6289460733533E-03
-493.74427788339 3.7542162463069E-03
-494.26078276046 1.8881870200858E-03
-494.77728763753 9.0473843738437E-03
-495.29379251461 -4.0760352276266E-03
-495.81029739168 -4.8014344647527E-03
-496.32680226875 -2.0949416793883E-03
-496.84330714582 -6.1862897127867E-03
-497.3598120229 8.2230777479708E-04
-497.87631689997 2.8912830166519E-03
-498.39282177704 3.6226366646588E-03
-498.90932665411 8.8983718305826E-03
-499.42583153118 -0.013003785163164
-499.94233640826 -2.2188515868038E-03
-500.45884128533 6.722214166075E-04
-500.9753461624 3.9053587242961E-03
-501.49185103947 -5.0318082794547E-03
-502.00835591655 -8.7239909917116E-03
-502.52486079362 -3.6672637797892E-03
-503.04136567069 -0.012473719194531
-503.55787054776 3.8115188945085E-03
-504.07437542484 -1.7556166276336E-03
-504.59088030191 -0.012238437309861
-505.10738517898 -3.295968985185E-03
-505.62389005605 -7.7235698699951E-03
-506.14039493312 -0.010825752280653
-506.6568998102 -3.6738854832947E-03
-507.17340468727 2.6665630284697E-03
-507.68990956434 -6.0324994847178E-03
-508.20641444141 -7.8485449776053E-03
-508.72291931849 3.1801755540073E-03
-509.23942419556 6.1057470738888E-03
-509.75592907263 3.9791036397219E-03
-510.2724339497 3.5420909989625E-03
-510.78893882678 -1.9961926154792E-03
-511.30544370385 -0.010301101021469
-511.82194858092 -3.020151052624E-03
-512.33845345799 -6.7453552037477E-03
-512.85495833506 3.6825221031904E-03
-513.37146321214 0.012560464441776
-513.88796808921 -1.014563953504E-03
-514.40447296628 -3.2851763535291E-03
-514.92097784335 5.8258576318622E-03
-515.43748272043 2.0727654919028E-03
-515.9539875975 -5.9165097773075E-03
-516.47049247457 -6.1715897172689E-03
-516.98699735164 -2.1182810887694E-03
-517.50350222872 8.1983655691147E-03
-518.02000710579 4.6045808121562E-03
-518.53651198286 -8.6902640759945E-04
-519.05301685993 6.972293369472E-03
-519.569521737 -4.8646186478436E-03
-520.08602661408 -2.4740949738771E-03
-520.60253149115 -7.7340612187982E-03
-521.11903636822 4.846079275012E-03
-521.63554124529 6.6744415089488E-03
-522.15204612237 8.9806402102113E-03
-522.66855099944 0.021463245153427
-523.18505587651 0.014631262049079
-523.70156075358 0.03664343059063
-524.21806563065 0.071185268461704
-524.73457050773 0.10695850849152
-525.2510753848 0.14071662724018
-525.76758026187 0.14960554242134
-526.28408513894 0.2016941010952
-526.80059001602 0.199616715312
-527.31709489309 0.15787686407566
-527.83359977016 0.12204942107201
-528.35010464723 0.088651940226555
-528.86660952431 0.044952686876059
-529.38311440138 0.027559507638216
-529.89961927845 0.028402626514435
-530.41612415552 0.045759573578835
-530.93262903259 0.074691541492939
-531.44913390967 0.13587319850922
-531.96563878674 0.18935361504555
-532.48214366381 0.24804620444775
-532.99864854088 0.25171980261803
-533.51515341796 0.35703355073929
-534.03165829503 0.47370678186417
-534.5481631721 0.42738071084023
-535.06466804917 0.34338608384132
-535.58117292625 0.25028598308563
-536.09767780332 0.13091638684273
-536.61418268039 0.061061907559633
-537.13068755746 0.027366876602173
-537.64719243453 6.7055793479085E-03
-538.16369731161 9.3231983482838E-03
-538.68020218868 -1.9079237245023E-03
-539.19670706575 4.4557638466358E-03
-539.71321194282 3.437700914219E-03
-540.2297168199 -2.5248173624277E-03
-540.74622169697 -1.8074326217175E-03
-541.26272657404 6.4909756183624E-03
-541.77923145111 5.9314919635653E-03
-542.29573632819 3.5641095601022E-03
-542.81224120526 -7.9679042100906E-03
-543.32874608233 9.1007128357887E-03
-543.8452509594 4.1434052400291E-03
-544.36175583647 -1.2964254710823E-03
-544.87826071355 1.340254675597E-03
-545.39476559062 -8.0654909834266E-03
-545.91127046769 1.441087690182E-03
-546.42777534476 7.5641870498657E-03
-546.94428022184 -6.4698550850153E-03
-547.46078509891 5.1404512487352E-03
-547.97728997598 4.240870475769E-05
-548.49379485305 2.9037850908935E-03
-549.01029973013 3.3658645115793E-03
-549.5268046072 -2.0230198279023E-03
-550.04330948427 -8.6574628949165E-04
-550.55981436134 3.8357777521014E-04
-551.07631923841 -2.3891096934676E-03
-551.59282411549 8.6075882427394E-04
-552.10932899256 6.3353371806443E-03
-552.62583386963 5.7989042252302E-03
-553.1423387467 0.02023103274405
-553.65884362378 0.022287325933576
-554.17534850085 0.027210727334023
-554.69185337792 0.057914469391108
-555.20835825499 0.089843697845936
-555.72486313206 0.10935072600842
-556.24136800914 0.13303907215595
-556.75787288621 0.16307732462883
-557.27437776328 0.15158072113991
-557.79088264035 0.11271021515131
-558.30738751743 0.093385227024555
-558.8238923945 0.048810381442308
-559.34039727157 0.025778917595744
-559.85690214864 0.013647601008415
-560.37340702572 4.6637081541121E-03
-560.88991190279 -6.2784790061414E-03
-561.40641677986 7.0290146395564E-03
-561.92292165693 6.294772028923E-03
-562.439426534 -6.4563332125545E-04
-562.95593141108 -3.4382923040539E-03
-563.47243628815 3.2606017775834E-03
-563.98894116522 5.2945516072214E-03
-564.50544604229 -4.085895139724E-03
-565.02195091937 3.2962991390377E-03
-565.53845579644 6.1215218156576E-03
-566.05496067351 3.4527948591858E-03
-566.57146555058 -2.1797302179039E-04
-567.08797042766 5.4090190678835E-03
-567.60447530473 1.3049198314548E-03
-568.1209801818 9.6468357369304E-03
-568.63748505887 -2.1060996223241E-03
-569.15398993594 -1.2187028769404E-03
-569.67049481302 3.4149221610278E-03
-570.18699969009 3.3059385605156E-03
-570.70350456716 1.5378457028419E-03
-571.22000944423 -7.2343982756138E-03
-571.73651432131 -1.6990266740322E-03
-572.25301919838 -3.9683831855655E-03
-572.76952407545 5.3067598491907E-03
-573.28602895252 -9.0146297588944E-04
-573.8025338296 5.5864816531539E-03
-574.31903870667 4.6337945386767E-03
-574.83554358374 3.5313344560564E-03
-575.35204846081 9.426272008568E-04
-575.86855333788 -1.1466366704553E-03
-576.38505821496 1.6059926711023E-03
-576.90156309203 9.5662400126457E-03
-577.4180679691 -3.512643976137E-03
-577.93457284617 0.017371114343405
-578.45107772325 0.020771814510226
-578.96758260032 0.042701043188572
-579.48408747739 0.075054846704006
-580.00059235446 0.096195302903652
-580.51709723154 0.11562632769346
-581.03360210861 0.15064135193825
-581.55010698568 0.16157910227776
-582.06661186275 0.14158090949059
-582.58311673982 0.10352569073439
-583.0996216169 0.084431231021881
-583.61612649397 0.048588681966066
-584.13263137104 0.014984048902988
-584.64913624811 2.0462709944695E-03
-585.16564112519 4.8260157927871E-03
-585.68214600226 -5.9772515669465E-04
-586.19865087933 -2.9455716721714E-03
-586.7151557564 -5.7585528120399E-03
-587.23166063348 0.010651670396328
-587.74816551055 6.6541153937578E-03
-588.26467038762 5.8690933510661E-03
-588.78117526469 -4.1679451242089E-03
-589.29768014176 -2.3515087086707E-03
-589.81418501884 -6.3280239701271E-03
-590.33068989591 7.6034925878048E-03
-590.84719477298 -5.9738615527749E-04
-591.36369965005 -8.9440364390612E-03
-591.88020452713 -1.4579338021576E-03
-592.3967094042 3.0306680127978E-04
-592.91321428127 -3.9082150906324E-03
-593.42971915834 5.1290700212121E-03
-593.94622403541 -3.1605334952474E-03
-594.46272891249 3.6520615685731E-03
-594.97923378956 1.0444012004882E-03
-595.49573866663 -1.2615718878806E-04
-596.0122435437 1.4233691617846E-03
-596.52874842078 1.2092129327357E-03
-597.04525329785 3.5246436018497E-03
-597.56175817492 -5.0654234364629E-03
-598.07826305199 -2.5773101951927E-03
-598.59476792907 8.0345114693046E-03
-599.11127280614 2.2914742585272E-03
-599.62777768321 0.010873851366341
-600.14428256028 -3.5466102417558E-03
-600.66078743735 7.3282159864902E-03
-601.17729231443 1.9569785799831E-03
-601.6937971915 3.5013677552342E-04
-602.21030206857 -2.2248094901443E-03
-602.72680694564 8.5387378931046E-03
-603.24331182272 3.3678975887597E-04
-603.75981669979 6.106635555625E-03
-604.27632157686 -8.0674896016717E-03
-604.79282645393 6.6961506381631E-03
-605.30933133101 -1.0869286488742E-03
-605.82583620808 -5.2393549121916E-03
-606.34234108515 -4.3181655928493E-03
-606.85884596222 3.0226784292608E-03
-607.37535083929 0.010779950767756
-607.89185571637 -3.2952884212136E-03
-608.40836059344 -1.419521169737E-03
-608.92486547051 9.9081778898835E-03
-609.44137034758 8.5028726607561E-03
-609.95787522466 0.0124879963696
-610.47438010173 0.019855519756675
-610.9908849788 0.024326734244823
-611.50738985587 0.027376158162951
-612.02389473295 0.029737243428826
-612.54039961002 0.024925267323852
-613.05690448709 0.015708319842815
-613.57340936416 0.015463819727302
-614.08991424123 5.6924456730485E-03
-614.60641911831 6.6675860434771E-03
-615.12292399538 0.010282604955137
-615.63942887245 1.4105432201177E-03
-616.15593374952 3.4860237501562E-03
-616.6724386266 2.8442479670048E-03
-617.18894350367 6.1117699369788E-03
-617.70544838074 -3.8881753571332E-03
-618.22195325781 -9.5250736922026E-04
-618.73845813489 1.547202700749E-03
-619.25496301196 3.9976765401661E-04
-619.77146788903 2.0809099078178E-03
-620.2879727661 1.8173188436776E-03
-620.80447764317 5.2751018665731E-03
-621.32098252025 -3.9733294397593E-03
-621.83748739732 -8.7328422814608E-03
-622.35399227439 4.7568837180734E-03
-622.87049715146 5.7537285611033E-03
-623.38700202854 4.477936308831E-04
-623.90350690561 -3.335599321872E-04
-624.42001178268 -1.6652750782669E-03
-624.93651665975 -4.001755733043E-03
-625.45302153682 1.7220582813025E-03
-625.9695264139 -7.0120659656823E-03
-626.48603129097 6.2955413013697E-03
-627.00253616804 3.827566280961E-03
-627.51904104511 8.8555281981826E-03
-628.03554592219 8.0317407846451E-03
-628.55205079926 6.2179509550333E-03
-629.06855567633 -4.2888727039099E-03
-629.5850605534 -6.1859088018537E-03
-630.10156543048 -3.4539441112429E-03
-630.61807030755 -1.412452198565E-03
-631.13457518462 -0.010219000279903
-631.65108006169 -1.2221056967974E-03
-632.16758493876 9.3744862824678E-03
-632.68408981584 -1.7867544665933E-03
-633.20059469291 -1.8639308400452E-03
-633.71709956998 -1.2630620039999E-03
-634.23360444705 -4.4692307710648E-03
-634.75010932413 -6.3418508507311E-03
-635.2666142012 7.4560232460499E-03
-635.78311907827 6.0694813728333E-03
-636.29962395534 -2.4172903504223E-03
-636.81612883242 -2.5538506451994E-03
-637.33263370949 -3.5169508773834E-03
-637.84913858656 -1.5974086709321E-03
-638.36564346363 -1.4210760127753E-03
-638.8821483407 -7.9464353621006E-04
-639.39865321778 -0.018404284492135
-639.91515809485 4.2249714024365E-03
-640.43166297192 1.6461953055114E-03
-640.94816784899 -6.0606496408582E-03
-641.46467272607 -8.7743736803532E-03
-641.98117760314 -8.643358014524E-03
-642.49768248021 -3.6087774205953E-03
-643.01418735728 5.7954806834459E-03
-643.53069223436 1.444353023544E-03
-644.04719711143 6.4488314092159E-04
-644.5637019885 2.522814553231E-03
-645.08020686557 -6.5374039113522E-03
-645.59671174264 -8.7306201457977E-03
-646.11321661972 9.6305948682129E-04
-646.62972149679 -2.3922282271087E-03
-647.14622637386 1.9706035964191E-03
-647.66273125093 1.4182340819389E-03
-648.17923612801 1.7403110396117E-03
-648.69574100508 0.011589088477194
-649.21224588215 2.9720249585807E-04
-649.72875075922 1.2464330065995E-03
-650.2452556363 6.8797883577645E-03
-650.76176051337 -6.4689954742789E-03
-651.27826539044 -3.5500025842339E-03
-651.79477026751 -4.7887582331896E-03
-652.31127514458 0.011035398580134
-652.82778002166 -3.2117138616741E-03
-653.34428489873 -4.8339599743485E-03
-653.8607897758 -1.9025062210858E-03
-654.37729465287 1.2103535700589E-03
-654.89379952995 -7.4038966558874E-03
-655.41030440702 2.1585018839687E-03
-655.92680928409 -0.012703320011497
-656.44331416116 -8.9139426127076E-03
-656.95981903823 -4.1965497657657E-03
-657.47632391531 9.3647725880146E-03
-657.99282879238 4.9334019422531E-04
-658.50933366945 5.1037454977632E-04
-659.02583854652 1.0401669424027E-03
-659.5423434236 -2.7256610337645E-03
-660.05884830067 -1.3859218452126E-03
-660.57535317774 -0.010518540628254
-661.09185805481 1.2836961541325E-03
-661.60836293189 2.6935362257063E-04
-662.12486780896 9.4180759042501E-03
-662.64137268603 -5.1055722869933E-03
-663.1578775631 -2.0291074179113E-04
-663.67438244017 -2.6975362561643E-03
-664.19088731725 2.0971689373255E-03
-664.70739219432 -8.6247157305479E-03
-665.22389707139 8.4505686536431E-03
-665.74040194846 6.0205981135368E-03
-666.25690682554 -1.1236022692174E-03
-666.77341170261 -4.4250711798668E-03
-667.28991657968 -6.2052928842604E-04
-667.80642145675 -8.4385508671403E-05
-668.32292633383 -1.819423167035E-03
-668.8394312109 3.315617563203E-03
-669.35593608797 6.1147511005402E-03
-669.87244096504 2.385726198554E-03
-670.38894584211 -8.0165639519691E-03
-670.90545071919 -3.2716989517212E-04
-671.42195559626 -2.4189515970647E-03
-671.93846047333 4.4382689520717E-03
-672.4549653504 -0.010969733819366
-672.97147022748 -3.7021082825959E-03
-673.48797510455 -5.1709939725697E-04
-674.00447998162 -1.1585808824748E-03
-674.52098485869 -8.9623611420393E-03
-675.03748973577 9.2942621558905E-03
-675.55399461284 8.8483467698097E-04
-676.07049948991 2.4205921217799E-03
-676.58700436698 1.159532694146E-03
-677.10350924405 3.3673492725939E-03
-677.62001412113 2.7194253634661E-03
-678.1365189982 -7.0969900116324E-04
-678.65302387527 3.7634745240211E-05
-679.16952875234 6.3479752279818E-03
-679.68603362942 5.9741921722889E-03
-680.20253850649 2.5364703033119E-03
-680.71904338356 1.9624717533588E-03
-681.23554826063 -3.5334907006472E-03
-681.75205313771 2.2898311726749E-04
-682.26855801478 -5.1131770014763E-03
-682.78506289185 1.6318943817168E-03
-683.30156776892 2.5399122387171E-04
-683.81807264599 6.7435335367918E-03
-684.33457752307 3.5862196236849E-03
-684.85108240014 -2.8237081132829E-03
-685.36758727721 3.0931164510548E-03
-685.88409215428 1.7486073775217E-03
