13.440090517758 -3.3568404614925E-04
12.90208923949 3.2543330453336E-03
12.364087961223 -3.6991450469941E-03
11.826086682956 -1.2491410598159E-03
11.288085404688 2.0045049022883E-03
10.750084126421 -2.2870267275721E-04
10.212082848153 -2.6913732290268E-04
9.6740815698859 -3.5494794137776E-03
9.1360802916185 -2.9283992480487E-03
8.5980790133511 1.6443720087409E-03
8.0600777350837 4.200151655823E-03
7.5220764568163 4.2855944484472E-03
6.9840751785489 -1.965929986909E-04
6.4460739002815 -6.3404836691916E-03
5.9080726220141 1.7749642720446E-03
5.3700713437467 -1.4824373647571E-03
4.8320700654793 -2.2978144697845E-03
4.2940687872119 4.5544020831585E-03
3.7560675089444 3.2877884805202E-03
3.218066230677 1.3880166225135E-03
2.6800649524096 -4.1606100276113E-03
2.1420636741422 5.1970477215946E-05
1.6040623958748 1.5700701624155E-05
1.0660611176074 4.0449146181345E-03
0.52805983934002 1.615347340703E-03
-9.9414389273988E-03 -2.2962004877627E-03
-0.5479427171948 4.4936100021005E-03
-1.0859439954622 2.0414525642991E-03
-1.6239452737296 7.8143971040845E-04
-2.161946551997 -4.9607753753662E-03
-2.6999478302644 -1.270949956961E-03
-3.2379491085318 3.0742953531444E-03
-3.7759503867992 5.2480762824416E-03
-4.3139516650666 8.9577480684966E-04
-4.851952943334 -5.3344061598182E-04
-5.3899542216014 1.2374876532704E-03
-5.9279554998689 7.9097400885075E-04
-6.4659567781363 -1.5547894872725E-03
-7.0039580564037 -5.0886976532638E-04
-7.5419593346711 -3.0790148302913E-03
-8.0799606129385 -2.4184244684875E-03
-8.6179618912059 -4.6558293979615E-04
-9.1559631694733 7.3617286980152E-03
-9.6939644477407 -3.242907114327E-04
-10.231965726008 -3.8966881111264E-03
-10.769967004276 -1.9991295412183E-03
-11.307968282543 4.0087946690619E-03
-11.84596956081 2.7293732855469E-03
-12.383970839078 1.2464614119381E-03
-12.921972117345 1.3501211069524E-03
-13.459973395613 3.7562558427453E-03
-13.99797467388 4.4101336970925E-03
-14.535975952147 -2.4205143563449E-03
-15.073977230415 -2.2074282169342E-03
-15.611978508682 -3.2204689923674E-03
-16.14997978695 3.7922663614154E-04
-16.687981065217 2.8335740789771E-03
-17.225982343484 -3.1868678051978E-03
-17.763983621752 -4.8172613605857E-04
-18.301984900019 3.9065454620868E-04
-18.839986178287 -4.0925908833742E-03
-19.377987456554 -1.1922814883292E-03
-19.915988734821 4.8458995297551E-03
-20.453990013089 -6.9085834547877E-03
-20.991991291356 -9.1109762433916E-04
-21.529992569624 2.9191002249718E-04
-22.067993847891 1.2801398988813E-03
-22.605995126158 2.2986861877143E-03
-23.143996404426 -1.1794315651059E-03
-23.681997682693 -2.1272944286466E-03
-24.219998960961 -4.6805418096483E-03
-24.758000239228 -1.4479885576293E-03
-25.296001517495 -4.5422222465277E-03
-25.834002795763 -2.832772443071E-04
-26.37200407403 -3.6370372399688E-03
-26.910005352298 6.3429842703044E-04
-27.448006630565 1.490056863986E-03
-27.986007908832 -1.9902735948563E-04
-28.5240091871 4.0803814772516E-04
-29.062010465367 -3.8404618389904E-03
-29.600011743635 -5.0804922357202E-03
-30.138013021902 -2.5437113363296E-03
-30.676014300169 -2.8231530450284E-03
-31.214015578437 -2.8505865484476E-03
-31.752016856704 -5.3698886185884E-03
-32.290018134972 9.5747911836952E-04
-32.828019413239 6.980505771935E-03
-33.366020691507 -1.9796150736511E-03
-33.904021969774 1.9091928843409E-03
-34.442023248041 -1.4288834063336E-03
-34.980024526309 2.3257764987648E-03
-35.518025804576 -6.4312352333218E-04
-36.056027082844 -1.7657475546002E-03
-36.594028361111 -4.6904506161809E-03
-37.132029639378 -1.5738062793389E-03
-37.670030917646 -7.8266672790051E-04
-38.208032195913 1.4533192152157E-03
-38.746033474181 4.0561938658357E-03
-39.284034752448 3.1084651127458E-03
-39.822036030715 -3.2062025275081E-04
-40.360037308983 9.0301060117781E-04
-40.89803858725 1.9555017352104E-03
-41.436039865518 -1.258798292838E-03
-41.974041143785 8.9964945800602E-04
-42.512042422052 3.133743070066E-03
-43.05004370032 -2.6717165019363E-04
-43.588044978587 -1.0887251701206E-03
-44.126046256855 2.3742448538542E-03
-44.664047535122 5.6311911903322E-03
-45.202048813389 4.2949663475156E-03
-45.740050091657 -1.4933525817469E-03
-46.278051369924 7.9980178270489E-04
-46.816052648192 6.8388767540455E-03
-47.354053926459 -9.0319663286209E-05
-47.892055204726 2.6014405302703E-03
-48.430056482994 -8.9808995835483E-04
-48.968057761261 5.2023334428668E-03
-49.506059039529 3.5347291268408E-03
-50.044060317796 2.0906052086502E-03
-50.582061596064 -1.9118469208479E-03
-51.120062874331 7.8047963324934E-04
-51.658064152598 3.7414517719299E-03
-52.196065430866 4.3446132913232E-03
-52.734066709133 6.386533845216E-03
-53.272067987401 1.3639035169035E-03
-53.810069265668 6.3172716181725E-04
-54.348070543935 1.7657084390521E-04
-54.886071822203 5.9140091761947E-03
-55.42407310047 4.6413308009505E-03
-55.962074378738 5.0451443530619E-03
-56.500075657005 1.318788388744E-03
-57.038076935272 5.6376364082098E-03
-57.57607821354 -2.6729651726782E-03
-58.114079491807 1.6045172233135E-03
-58.652080770075 -2.538057975471E-03
-59.190082048342 4.8667010851204E-03
-59.728083326609 -5.8599922340363E-04
-60.266084604877 -2.903688699007E-03
-60.804085883144 3.0825543217361E-03
-61.342087161412 -8.230700623244E-04
-61.880088439679 -3.9540724828839E-03
-62.418089717946 -1.0377666912973E-03
-62.956090996214 -1.4511474873871E-03
-63.494092274481 -5.0808098167181E-03
-64.032093552749 1.4242916367948E-03
-64.570094831016 -3.5948741715401E-03
-65.108096109283 4.5796791091561E-03
-65.646097387551 4.5501161366701E-05
-66.184098665818 1.0663346620277E-03
-66.722099944086 9.982658084482E-04
-67.260101222353 1.0090018622577E-03
-67.79810250062 -5.1012705080211E-04
-68.336103778888 3.3961001317948E-03
-68.874105057155 -4.0926351211965E-03
-69.412106335423 -2.2627133876085E-03
-69.95010761369 3.330779960379E-03
-70.488108891957 4.2051798664033E-03
-71.026110170225 -2.3524730931967E-04
-71.564111448492 3.5725727211684E-03
-72.10211272676 -5.6770178489387E-03
-72.640114005027 -7.9137447755784E-04
-73.178115283295 6.1314143240452E-03
-73.716116561562 -1.1985865421593E-03
-74.254117839829 9.9040847271681E-04
-74.792119118097 1.0108004789799E-03
-75.330120396364 -5.5808848701417E-03
-75.868121674632 1.3911147834733E-03
-76.406122952899 -2.2828935179859E-03
-76.944124231166 1.1760232737288E-03
-77.482125509434 3.7602046504617E-03
-78.020126787701 1.8887824844569E-03
-78.558128065969 3.8539250381291E-03
-79.096129344236 1.8590614199638E-03
-79.634130622503 -2.2189992014319E-03
-80.172131900771 1.1506520677358E-03
-80.710133179038 7.1928789839149E-03
-81.248134457306 -5.6624528951943E-04
-81.786135735573 2.8000907041132E-03
-82.32413701384 1.214100047946E-03
-82.862138292108 3.9882636629045E-03
-83.400139570375 -2.2268765605986E-03
-83.938140848643 -4.8284335061908E-03
-84.47614212691 -3.3954263199121E-03
-85.014143405177 1.0900611523539E-03
-85.552144683445 3.7101916968822E-03
-86.090145961712 4.3942518532276E-03
-86.62814723998 3.7455142010003E-03
-87.166148518247 -1.3721929863095E-03
-87.704149796514 1.562463818118E-03
-88.242151074782 1.221964485012E-03
-88.780152353049 -3.1573157757521E-03
-89.318153631317 -2.796625951305E-03
-89.856154909584 -5.3049018606544E-03
-90.394156187852 3.1953686848283E-03
-90.932157466119 3.8102497346699E-03
-91.470158744386 1.976095372811E-03
-92.008160022654 -2.4537742137909E-04
-92.546161300921 1.0395122226328E-03
-93.084162579189 9.7333686426282E-05
-93.622163857456 5.2501168102026E-04
-94.160165135723 -1.6541866352782E-03
-94.698166413991 2.8064684011042E-04
-95.236167692258 4.5819859951735E-03
-95.774168970526 -3.7484937347472E-03
-96.312170248793 8.6430949158967E-04
-96.85017152706 -7.5638573616743E-04
-97.388172805328 -1.657675486058E-03
-97.926174083595 1.7139727715403E-03
-98.464175361863 1.8998943269253E-03
-99.00217664013 -2.1156040020287E-03
-99.540177918397 3.3754811156541E-03
-100.07817919666 3.7472723051906E-03
-100.61618047493 4.8705884255469E-03
-101.1541817532 1.1542385909706E-03
-101.69218303147 6.8012054543942E-04
-102.23018430973 -3.240427467972E-03
-102.768185588 2.674036892131E-03
-103.30618686627 2.8281444683671E-03
-103.84418814454 -2.2659595124424E-03
-104.3821894228 -1.3666001614183E-03
-104.92019070107 4.955381155014E-04
-105.45819197934 -2.589785028249E-03
-105.99619325761 -5.913011264056E-04
-106.53419453587 2.6924153789878E-03
-107.07219581414 1.8478045240045E-04
-107.61019709241 -4.4216681271791E-03
-108.14819837068 4.144785925746E-03
-108.68619964894 4.8500951379538E-05
-109.22420092721 -1.1547009926289E-03
-109.76220220548 6.8093361333013E-03
-110.30020348375 9.6115889027715E-04
-110.83820476201 -3.6165376659483E-03
-111.37620604028 -2.2653157357126E-03
-111.91420731855 4.5727519318461E-04
-112.45220859682 -1.5934751136228E-03
-112.99020987508 1.5245628310367E-03
-113.52821115335 -1.9666603766382E-03
-114.06621243162 -1.6179363010451E-03
-114.60421370988 -2.6390089187771E-03
-115.14221498815 2.0769922994077E-03
-115.68021626642 -1.8033522646874E-03
-116.21821754469 4.4922763481736E-03
-116.75621882295 3.5623987205327E-03
-117.29422010122 -1.5254690079018E-03
-117.83222137949 -1.7349051777273E-03
-118.37022265776 2.2654156200588E-03
-118.90822393602 -2.7650604024529E-03
-119.44622521429 -9.7867962904274E-04
-119.98422649256 2.3562321439385E-04
-120.52222777083 -4.2808298021555E-03
-121.06022904909 1.6990357544273E-03
-121.59823032736 -2.6244767941535E-03
-122.13623160563 -5.4242904298007E-05
-122.6742328839 6.6851498559117E-03
-123.21223416216 -1.0625901632011E-03
-123.75023544043 -1.4234295813367E-03
-124.2882367187 1.6501357313246E-03
-124.82623799697 -5.5499118752778E-03
-125.36423927523 -2.8187008574605E-03
-125.9022405535 1.0583873372525E-03
-126.44024183177 -4.0612136945128E-04
-126.97824311004 -3.1514596194029E-03
-127.5162443883 -3.5992546472698E-03
-128.05424566657 2.9901727102697E-03
-128.59224694484 6.8538496270776E-03
-129.1302482231 -2.2825591731817E-03
-129.66824950137 1.7034489428625E-03
-130.20625077964 -1.515656709671E-03
-130.74425205791 1.1625862680376E-04
-131.28225333617 -5.3858070168644E-04
-131.82025461444 4.7382777556777E-03
-132.35825589271 -6.9138535764068E-04
-132.89625717098 3.5106302239001E-03
-133.43425844924 -1.5057716518641E-03
-133.97225972751 3.194106509909E-03
-134.51026100578 -7.5289851520211E-04
-135.04826228405 -1.0185344144702E-03
-135.58626356231 1.1120035778731E-03
-136.12426484058 3.5107175353914E-03
-136.66226611885 -4.1387118399143E-03
-137.20026739712 -3.845285391435E-04
-137.73826867538 -7.15252594091E-04
-138.27626995365 2.8954325243831E-03
-138.81427123192 -2.3123896680772E-03
-139.35227251019 -2.4751478340477E-03
-139.89027378845 4.3817795813084E-04
-140.42827506672 -6.7785219289362E-04
-140.96627634499 6.0560638085008E-03
-141.50427762326 -3.2381182536483E-03
-142.04227890152 2.7951006777585E-03
-142.58028017979 -2.35810643062E-04
-143.11828145806 -2.3342818021774E-03
-143.65628273632 -2.302264329046E-05
-144.19428401459 -9.6957455389202E-04
-144.73228529286 3.1670620664954E-03
-145.27028657113 -1.4938204549253E-03
-145.80828784939 1.1034591589123E-03
-146.34628912766 -1.0453630238771E-03
-146.88429040593 -4.0710889734328E-03
-147.4222916842 6.2103690579534E-03
-147.96029296246 2.4574520066381E-03
-148.49829424073 3.9524999447167E-03
-149.036295519 3.2663310412318E-03
-149.57429679727 -5.7098604738712E-03
-150.11229807553 4.989433567971E-03
-150.6502993538 3.7492022383958E-03
-151.18830063207 1.9006384536624E-03
-151.72630191034 -3.8166111335158E-04
-152.2643031886 -4.260016605258E-03
-152.80230446687 -4.7438945621252E-03
-153.34030574514 5.5107562802732E-03
-153.87830702341 1.7272767145187E-03
-154.41630830167 2.7602175250649E-03
-154.95430957994 -2.8878818266094E-03
-155.49231085821 8.2575553096831E-04
-156.03031213647 -8.8735693134367E-04
-156.56831341474 1.8272171728313E-03
-157.10631469301 -3.9764447137713E-05
-157.64431597128 -9.5316139049828E-04
-158.18231724954 -3.9515732787549E-03
-158.72031852781 4.2341705411673E-03
-159.25831980608 -6.5530277788639E-04
-159.79632108435 -9.0063596144319E-04
-160.33432236261 5.5580330081284E-04
-160.87232364088 -3.404411720112E-03
-161.41032491915 -3.6086100153625E-03
-161.94832619742 -3.5096218343824E-03
-162.48632747568 -2.8249735478312E-03
-163.02432875395 -2.2217305377126E-04
-163.56233003222 -2.6014714967459E-03
-164.10033131049 -3.4936042502522E-03
-164.63833258875 -1.4674565754831E-03
-165.17633386702 1.9100478384644E-03
-165.71433514529 -9.4078318215907E-04
-166.25233642356 1.8346472643316E-03
-166.79033770182 1.5774900093675E-03
-167.32833898009 4.5951525680721E-04
-167.86634025836 -8.586491458118E-04
-168.40434153663 -3.4495070576668E-03
-168.94234281489 -3.9061384741217E-03
-169.48034409316 -1.4876131899655E-03
-170.01834537143 -3.1417838763446E-03
-170.55634664969 -1.3731357175857E-03
-171.09434792796 -4.6296357177198E-03
-171.63234920623 3.9745680987835E-04
-172.1703504845 -9.9782855249941E-04
-172.70835176276 7.8274821862578E-04
-173.24635304103 2.4912776425481E-03
-173.7843543193 -2.6954268105328E-04
-174.32235559757 -4.546660464257E-03
-174.86035687583 1.7245376948267E-03
-175.3983581541 -6.6440203227103E-04
-175.93635943237 5.0229905173182E-04
-176.47436071064 -4.44863922894E-04
-177.0123619889 5.5841458961368E-03
-177.55036326717 -5.975270178169E-04
-178.08836454544 2.3773498833179E-04
-178.62636582371 2.4454237427562E-03
-179.16436710197 1.7000152729452E-03
-179.70236838024 -2.1920260041952E-04
-180.24036965851 -2.1359999664128E-04
-180.77837093678 -3.3170725218952E-03
-181.31637221504 -4.9548447132111E-03
-181.85437349331 -9.7672664560378E-04
-182.39237477158 -1.8992356490344E-03
-182.93037604985 3.0994480475783E-03
-183.46837732811 -1.6420644242316E-03
-184.00637860638 -4.7943014651537E-03
-184.54437988465 7.4531193822622E-03
-185.08238116291 1.3221928384155E-03
-185.62038244118 2.4394965730608E-03
-186.15838371945 2.5612758472562E-03
